Date,Total Cases,New Cases,Total Deaths,New Deaths,Total Recovered,Active Cases,"Serious,Critical",Total Cases/1M people,Total Death/1M people,Total Tests,Tests/1M people
2019-12-31,0,0,0,0,,,,0.0,0.0,0.0,
2020-01-01,0,0,0,0,,,,0.0,0.0,0.0,
2020-01-02,0,0,0,0,,,,0.0,0.0,0.0,
2020-01-03,0,0,0,0,,,,0.0,0.0,0.0,
2020-01-04,0,0,0,0,,,,0.0,0.0,0.0,
2020-01-05,0,0,0,0,,,,0.0,0.0,0.0,
2020-01-06,0,0,0,0,,,,0.0,0.0,0.0,
2020-01-07,0,0,0,0,,,,0.0,0.0,0.0,
2020-01-08,0,0,0,0,,,,0.0,0.0,0.0,
2020-01-09,0,0,0,0,,,,0.0,0.0,0.0,
2020-01-10,0,0,0,0,,,,0.0,0.0,0.0,
2020-01-11,0,0,0,0,,,,0.0,0.0,0.0,
2020-01-12,0,0,0,0,,,,0.0,0.0,0.0,
2020-01-13,0,0,0,0,,,,0.0,0.0,0.0,
2020-01-14,0,0,0,0,,,,0.0,0.0,0.0,
2020-01-15,0,0,0,0,,,,0.0,0.0,0.0,
2020-01-16,0,0,0,0,,,,0.0,0.0,0.0,
2020-01-17,0,0,0,0,,,,0.0,0.0,0.0,
2020-01-18,0,0,0,0,,,,0.0,0.0,0.0,
2020-01-19,0,0,0,0,,,,0.0,0.0,0.0,
2020-01-20,0,0,0,0,,,,0.0,0.0,0.0,
2020-01-21,0,0,0,0,,,,0.0,0.0,0.0,
2020-01-22,0,0,0,0,,,,0.0,0.0,0.0,
2020-01-23,0,0,0,0,,,,0.0,0.0,0.0,
2020-01-24,0,0,0,0,,,,0.0,0.0,0.0,
2020-01-25,0,0,0,0,,,,0.0,0.0,0.0,
2020-01-26,0,0,0,0,,,,0.0,0.0,0.0,
2020-01-27,0,0,0,0,,,,0.0,0.0,0.0,
2020-01-28,0,0,0,0,,,,0.0,0.0,0.0,
2020-01-29,0,0,0,0,,,,0.0,0.0,0.0,
2020-01-30,0,0,0,0,,,,0.0,0.0,0.0,
2020-01-31,0,0,0,0,,,,0.0,0.0,0.0,
2020-02-01,0,0,0,0,,,,0.0,0.0,0.0,
2020-02-02,0,0,0,0,,,,0.0,0.0,0.0,
2020-02-03,0,0,0,0,,,,0.0,0.0,0.0,
2020-02-04,0,0,0,0,,,,0.0,0.0,0.0,
2020-02-05,0,0,0,0,,,,0.0,0.0,0.0,
2020-02-06,0,0,0,0,,,,0.0,0.0,0.0,
2020-02-07,0,0,0,0,,,,0.0,0.0,0.0,
2020-02-08,0,0,0,0,,,,0.0,0.0,0.0,
2020-02-09,0,0,0,0,,,,0.0,0.0,0.0,
2020-02-10,0,0,0,0,,,,0.0,0.0,0.0,
2020-02-11,0,0,0,0,,,,0.0,0.0,0.0,
2020-02-12,0,0,0,0,,,,0.0,0.0,0.0,
2020-02-13,0,0,0,0,,,,0.0,0.0,0.0,
2020-02-14,0,0,0,0,,,,0.0,0.0,0.0,
2020-02-15,0,0,0,0,,,,0.0,0.0,0.0,
2020-02-16,0,0,0,0,,,,0.0,0.0,0.0,
2020-02-17,0,0,0,0,,,,0.0,0.0,0.0,
2020-02-18,0,0,0,0,,,,0.0,0.0,0.0,
2020-02-19,0,0,0,0,,,,0.0,0.0,0.0,
2020-02-20,0,0,0,0,,,,0.0,0.0,0.0,
2020-02-21,0,0,0,0,,,,0.0,0.0,0.0,
2020-02-22,0,0,0,0,,,,0.0,0.0,0.0,
2020-02-23,0,0,0,0,,,,0.0,0.0,0.0,
2020-02-24,0,0,0,0,,,,0.0,0.0,0.0,
2020-02-25,0,0,0,0,,,,0.0,0.0,0.0,
2020-02-26,1,1,0,0,,,,0.023,0.0,0.0,
2020-02-27,1,0,0,0,,,,0.023,0.0,0.0,
2020-02-28,1,0,0,0,,,,0.023,0.0,0.0,
2020-02-29,1,0,0,0,,,,0.023,0.0,0.0,
2020-03-01,3,2,0,0,,,,0.068,0.0,0.0,
2020-03-02,3,0,0,0,,,,0.068,0.0,0.0,
2020-03-04,5,2,0,0,,,,0.114,0.0,0.0,
2020-03-05,12,7,0,0,,,,0.27399999999999997,0.0,0.0,
2020-03-06,17,5,0,0,,,,0.38799999999999996,0.0,0.0,
2020-03-09,20,3,0,0,,,,0.456,0.0,0.0,
2020-03-12,20,0,0,0,,,,0.456,0.0,0.0,
2020-03-13,25,5,1,1,,,,0.57,0.023,0.023,
2020-03-14,26,1,2,1,,,,0.593,0.046,0.023,
2020-03-15,37,11,2,0,,,,0.8440000000000001,0.046,0.0,
2020-03-16,48,11,4,2,,,,1.095,0.091,0.046,
2020-03-17,58,10,4,0,,,,1.3230000000000002,0.091,0.0,
2020-03-18,60,2,5,1,,,,1.368,0.114,0.023,
2020-03-19,72,12,6,1,,,,1.642,0.13699999999999998,0.023,
2020-03-20,90,18,7,1,,,,2.052,0.16,0.023,
2020-03-21,102,12,10,3,,,,2.326,0.228,0.068,
2020-03-22,139,37,15,5,,,,3.17,0.342,0.114,
2020-03-23,201,62,17,2,,,,4.584,0.38799999999999996,0.046,
2020-03-24,230,29,17,0,,,,5.245,0.38799999999999996,0.0,
2020-03-25,264,34,19,2,,,,6.02,0.433,0.046,
2020-03-26,302,38,21,2,,,,6.8870000000000005,0.479,0.046,
2020-03-27,367,65,25,4,,,,8.369,0.57,0.091,
2020-03-28,409,42,26,1,,,,9.327,0.593,0.023,
2020-03-29,454,45,29,3,,,,10.353,0.6609999999999999,0.068,
2020-03-30,511,57,31,2,,,,11.652999999999999,0.7070000000000001,0.046,
2020-03-31,584,73,35,4,,,,13.318,0.7979999999999999,0.091,
2020-04-01,716,132,44,9,,,,16.328,1.003,0.205,
2020-04-02,847,131,58,14,,,,19.315,1.3230000000000002,0.319,
2020-04-03,986,139,63,5,,,,22.485,1.4369999999999998,0.114,
2020-04-04,1171,185,105,42,,,,26.704,2.394,0.958,
2020-04-05,1251,80,130,25,,,,28.528000000000002,2.965,0.57,
2020-04-06,1320,69,152,22,,,,30.101999999999997,3.466,0.502,
2020-04-07,1423,103,173,21,,,,32.451,3.945,0.479,
2020-04-08,1468,45,193,20,,,,33.477,4.401,0.456,
2020-04-09,1572,104,205,12,,,,35.849000000000004,4.675,0.27399999999999997,
2020-04-10,1666,94,235,30,,,,37.992,5.359,0.684,
2020-04-11,1761,95,256,21,,,,40.159,5.837999999999999,0.479,
2020-04-12,1825,64,275,19,,,,41.618,6.271,0.433,
2020-04-13,1914,89,293,18,,,,43.648,6.682,0.41,
2020-04-14,1983,69,313,20,,,,45.221000000000004,7.138,0.456,
2020-04-15,2070,87,325,12,,,,47.205,7.4110000000000005,0.27399999999999997,
2020-04-16,2160,90,336,11,,,,49.258,7.662000000000001,0.251,
2020-04-17,2268,108,348,12,,,,51.721000000000004,7.936,0.27399999999999997,
2020-04-18,2418,150,364,16,,,,55.141000000000005,8.301,0.365,
2020-04-19,2535,117,367,3,,,,57.809,8.369,0.068,
2020-04-20,2629,94,375,8,,,,59.953,8.552,0.182,
2020-04-21,2718,89,384,9,,,,61.983000000000004,8.757,0.205,
2020-04-22,2811,93,392,8,,,,64.10300000000001,8.939,0.182,
2020-04-23,2910,99,402,10,,,,66.361,9.167,0.228,
2020-04-24,3007,97,407,5,,,,68.57300000000001,9.281,0.114,
2020-04-25,3127,120,415,8,,,,71.31,9.464,0.182,
2020-04-26,3256,129,419,4,,,,74.251,9.555,0.091,
2020-04-27,3382,126,425,6,,,,77.125,9.692,0.13699999999999998,
2020-04-28,3517,135,432,7,,,,80.203,9.852,0.16,
2020-04-29,3649,132,437,5,,,,83.214,9.966000000000001,0.114,
