Date,Total Cases,New Cases,Total Deaths,New Deaths,Total Recovered,Active Cases,"Serious,Critical",Total Cases/1M people,Total Death/1M people,Total Tests,Tests/1M people
2019-12-31,0,0,0,0,,,,0.0,0.0,0.0,
2020-01-01,0,0,0,0,,,,0.0,0.0,0.0,
2020-01-02,0,0,0,0,,,,0.0,0.0,0.0,
2020-01-03,0,0,0,0,,,,0.0,0.0,0.0,
2020-01-04,0,0,0,0,,,,0.0,0.0,0.0,
2020-01-05,0,0,0,0,,,,0.0,0.0,0.0,
2020-01-06,0,0,0,0,,,,0.0,0.0,0.0,
2020-01-07,0,0,0,0,,,,0.0,0.0,0.0,
2020-01-08,0,0,0,0,,,,0.0,0.0,0.0,
2020-01-09,0,0,0,0,,,,0.0,0.0,0.0,
2020-01-10,0,0,0,0,,,,0.0,0.0,0.0,
2020-01-11,0,0,0,0,,,,0.0,0.0,0.0,
2020-01-12,0,0,0,0,,,,0.0,0.0,0.0,
2020-01-13,0,0,0,0,,,,0.0,0.0,0.0,
2020-01-14,0,0,0,0,,,,0.0,0.0,0.0,
2020-01-15,0,0,0,0,,,,0.0,0.0,0.0,
2020-01-16,0,0,0,0,,,,0.0,0.0,0.0,
2020-01-17,0,0,0,0,,,,0.0,0.0,0.0,
2020-01-18,0,0,0,0,,,,0.0,0.0,0.0,
2020-01-19,0,0,0,0,,,,0.0,0.0,0.0,
2020-01-20,0,0,0,0,,,,0.0,0.0,0.0,
2020-01-21,0,0,0,0,,,,0.0,0.0,0.0,
2020-01-22,0,0,0,0,,,,0.0,0.0,0.0,
2020-01-23,0,0,0,0,,,,0.0,0.0,0.0,
2020-01-24,0,0,0,0,,,,0.0,0.0,0.0,
2020-01-25,0,0,0,0,,,,0.0,0.0,0.0,
2020-01-26,0,0,0,0,,,,0.0,0.0,0.0,
2020-01-27,0,0,0,0,,,,0.0,0.0,0.0,
2020-01-28,0,0,0,0,,,,0.0,0.0,0.0,
2020-01-29,0,0,0,0,,,,0.0,0.0,0.0,
2020-01-30,0,0,0,0,,,,0.0,0.0,0.0,
2020-01-31,0,0,0,0,,,,0.0,0.0,0.0,
2020-02-01,0,0,0,0,,,,0.0,0.0,0.0,
2020-02-02,0,0,0,0,,,,0.0,0.0,0.0,
2020-02-03,0,0,0,0,,,,0.0,0.0,0.0,
2020-02-04,0,0,0,0,,,,0.0,0.0,0.0,
2020-02-05,0,0,0,0,,,,0.0,0.0,0.0,
2020-02-06,0,0,0,0,,,,0.0,0.0,0.0,
2020-02-07,0,0,0,0,,,,0.0,0.0,0.0,
2020-02-08,0,0,0,0,,,,0.0,0.0,0.0,
2020-02-09,0,0,0,0,,,,0.0,0.0,0.0,
2020-02-10,0,0,0,0,,,,0.0,0.0,0.0,
2020-02-11,0,0,0,0,,,,0.0,0.0,0.0,
2020-02-12,0,0,0,0,,,,0.0,0.0,0.0,
2020-02-13,0,0,0,0,,,,0.0,0.0,0.0,
2020-02-14,0,0,0,0,,,,0.0,0.0,0.0,
2020-02-15,0,0,0,0,,,,0.0,0.0,0.0,
2020-02-16,0,0,0,0,,,,0.0,0.0,0.0,
2020-02-17,0,0,0,0,,,,0.0,0.0,0.0,
2020-02-18,0,0,0,0,,,,0.0,0.0,0.0,
2020-02-19,0,0,0,0,,,,0.0,0.0,0.0,
2020-02-20,0,0,0,0,,,,0.0,0.0,0.0,
2020-02-21,0,0,0,0,,,,0.0,0.0,0.0,
2020-02-22,0,0,0,0,,,,0.0,0.0,0.0,
2020-02-23,0,0,0,0,,,,0.0,0.0,0.0,
2020-02-24,0,0,0,0,,,,0.0,0.0,0.0,
2020-02-25,0,0,0,0,,,,0.0,0.0,0.0,218.0
2020-02-26,2,2,0,0,,,,0.222,0.0,0.0,321.0
2020-02-27,2,0,0,0,,,,0.222,0.0,0.0,447.0
2020-02-28,5,3,0,0,,,,0.555,0.0,0.0,763.0
2020-02-29,7,2,0,0,,,,0.777,0.0,0.0,1649.0
2020-03-01,10,3,0,0,,,,1.11,0.0,0.0,
2020-03-02,14,4,0,0,,,,1.554,0.0,0.0,
2020-03-03,18,4,0,0,,,,1.999,0.0,0.0,2683.0
2020-03-04,24,6,0,0,,,,2.665,0.0,0.0,3138.0
2020-03-05,29,5,0,0,,,,3.22,0.0,0.0,3711.0
2020-03-06,41,12,0,0,,,,4.552,0.0,0.0,4000.0
2020-03-07,74,33,0,0,,,,8.216000000000001,0.0,0.0,4308.0
2020-03-08,99,25,0,0,,,,10.992,0.0,0.0,4509.0
2020-03-09,102,3,0,0,,,,11.325,0.0,0.0,4734.0
2020-03-10,131,29,0,0,,,,14.545,0.0,0.0,5026.0
2020-03-11,182,51,0,0,,,,20.208,0.0,0.0,5362.0
2020-03-12,246,64,0,0,,,,27.314,0.0,0.0,5869.0
2020-03-13,361,115,1,1,,,,40.083,0.111,0.111,6582.0
2020-03-14,504,143,1,0,,,,55.96,0.111,0.0,7467.0
2020-03-15,655,151,1,0,,,,72.726,0.111,0.0,8167.0
2020-03-16,860,205,1,0,,,,95.488,0.111,0.0,8490.0
2020-03-17,1016,156,3,2,,,,112.809,0.33299999999999996,0.222,10278.0
2020-03-18,1332,316,3,0,,,,147.895,0.33299999999999996,0.0,11977.0
2020-03-19,1646,314,4,1,,,,182.75900000000001,0.444,0.111,13724.0
2020-03-20,2196,550,6,2,,,,243.827,0.6659999999999999,0.222,15613.0
2020-03-21,2649,453,6,0,,,,294.124,0.6659999999999999,0.0,18545.0
2020-03-22,3024,375,8,2,,,,335.76099999999997,0.888,0.222,21368.0
2020-03-23,3631,607,16,8,,,,403.158,1.777,0.888,23429.0
2020-03-24,4486,855,25,9,,,,498.09,2.7760000000000002,0.9990000000000001,28391.0
2020-03-25,5282,796,30,5,,,,586.472,3.3310000000000004,0.555,32407.0
2020-03-26,5888,606,34,4,,,,653.757,3.775,0.444,35995.0
2020-03-27,7029,1141,52,18,,,,780.445,5.774,1.999,39552.0
2020-03-28,7697,668,68,16,,,,854.6139999999999,7.55,1.777,42750.0
2020-03-29,8291,594,68,0,,,,920.568,7.55,0.0,46441.0
2020-03-30,8813,522,86,18,,,,978.5260000000001,9.549,1.999,49455.0
2020-03-31,9618,805,108,22,,,,1067.907,11.991,2.443,52344.0
2020-04-01,10182,564,128,20,,,,1130.529,14.212,2.221,55863.0
2020-04-02,10711,529,146,18,,,,1189.265,16.211,1.999,92190.0
2020-04-03,11129,418,158,12,,,,1235.677,17.543,1.3319999999999999,98343.0
2020-04-04,11525,396,168,10,,,,1279.646,18.653,1.11,104134.0
2020-04-05,11766,241,186,18,,,,1306.404,20.651999999999997,1.999,108416.0
2020-04-06,11983,217,204,18,,,,1330.4979999999998,22.651,1.999,111296.0
2020-04-07,12297,314,220,16,,,,1365.362,24.427,1.777,115235.0
2020-04-08,12640,343,243,23,,,,1403.4460000000001,26.980999999999998,2.5540000000000003,120755.0
2020-04-09,12969,329,273,30,,,,1439.976,30.311999999999998,3.3310000000000004,126287.0
2020-04-10,13248,279,295,22,,,,1470.954,32.754,2.443,134743.0
2020-04-11,13560,312,319,24,,,,1505.596,35.419000000000004,2.665,140975.0
2020-04-12,13807,247,337,18,,,,1533.021,37.418,1.999,144877.0
2020-04-13,13937,130,350,13,,,,1547.455,38.861,1.443,148412.0
2020-04-14,14043,106,368,18,,,,1559.225,40.86,1.999,151796.0
2020-04-15,14234,191,384,16,,,,1580.432,42.636,1.777,156801.0
2020-04-16,14370,136,393,9,,,,1595.5320000000002,43.636,0.9990000000000001,162816.0
2020-04-17,14448,78,410,17,,,,1604.193,45.523,1.8880000000000001,169272.0
2020-04-18,14603,155,431,21,,,,1621.4029999999998,47.855,2.332,175932.0
2020-04-19,14662,59,443,12,,,,1627.953,49.187,1.3319999999999999,179243.0
2020-04-20,14710,48,452,9,,,,1633.283,50.187,0.9990000000000001,182949.0
2020-04-21,14783,73,462,10,,,,1641.388,51.297,1.11,189018.0
2020-04-22,14833,50,463,1,,,,1646.94,51.408,0.111,201794.0
2020-04-23,14924,91,494,31,,,,1657.0439999999999,54.85,3.4419999999999997,205835.0
2020-04-24,14985,61,508,14,,,,1663.817,56.403999999999996,1.554,212686.0
2020-04-25,15068,83,513,5,,,,1673.033,56.958999999999996,0.555,221089.0
2020-04-26,15134,66,536,23,,,,1680.361,59.513000000000005,2.5540000000000003,227631.0
2020-04-27,15189,55,542,6,,,,1686.467,60.178999999999995,0.6659999999999999,232537.0
2020-04-28,15256,67,549,7,,,,1693.9070000000002,60.957,0.777,239578.0
2020-04-29,15314,58,569,20,,,,1700.346,63.177,2.221,247754.0
