Date,Total Cases,New Cases,Total Deaths,New Deaths,Total Recovered,Active Cases,"Serious,Critical",Total Cases/1M people,Total Death/1M people,Total Tests,Tests/1M people
2019-12-31,0,0,0,0,,,,0.0,0.0,0.0,
2020-01-01,0,0,0,0,,,,0.0,0.0,0.0,
2020-01-02,0,0,0,0,,,,0.0,0.0,0.0,
2020-01-03,0,0,0,0,,,,0.0,0.0,0.0,
2020-01-04,0,0,0,0,,,,0.0,0.0,0.0,
2020-01-05,0,0,0,0,,,,0.0,0.0,0.0,
2020-01-06,0,0,0,0,,,,0.0,0.0,0.0,
2020-01-07,0,0,0,0,,,,0.0,0.0,0.0,
2020-01-08,0,0,0,0,,,,0.0,0.0,0.0,
2020-01-09,0,0,0,0,,,,0.0,0.0,0.0,
2020-01-10,0,0,0,0,,,,0.0,0.0,0.0,
2020-01-11,0,0,0,0,,,,0.0,0.0,0.0,
2020-01-12,0,0,0,0,,,,0.0,0.0,0.0,
2020-01-13,0,0,0,0,,,,0.0,0.0,0.0,
2020-01-14,0,0,0,0,,,,0.0,0.0,0.0,
2020-01-15,0,0,0,0,,,,0.0,0.0,0.0,
2020-01-16,0,0,0,0,,,,0.0,0.0,0.0,
2020-01-17,0,0,0,0,,,,0.0,0.0,0.0,
2020-01-18,0,0,0,0,,,,0.0,0.0,0.0,
2020-01-19,0,0,0,0,,,,0.0,0.0,0.0,
2020-01-20,0,0,0,0,,,,0.0,0.0,0.0,
2020-01-21,0,0,0,0,,,,0.0,0.0,0.0,
2020-01-22,0,0,0,0,,,,0.0,0.0,0.0,
2020-01-23,0,0,0,0,,,,0.0,0.0,0.0,
2020-01-24,0,0,0,0,,,,0.0,0.0,0.0,
2020-01-25,1,1,0,0,,,,0.039,0.0,0.0,
2020-01-26,4,3,0,0,,,,0.157,0.0,0.0,
2020-01-27,4,0,0,0,,,,0.157,0.0,0.0,
2020-01-28,4,0,0,0,,,,0.157,0.0,0.0,
2020-01-29,4,0,0,0,,,,0.157,0.0,0.0,
2020-01-30,6,2,0,0,,,,0.235,0.0,0.0,
2020-01-31,7,1,0,0,,,,0.275,0.0,0.0,
2020-02-01,9,2,0,0,,,,0.353,0.0,0.0,
2020-02-02,11,2,0,0,,,,0.431,0.0,0.0,
2020-02-03,11,0,0,0,,,,0.431,0.0,0.0,
2020-02-04,11,0,0,0,,,,0.431,0.0,0.0,
2020-02-05,12,1,0,0,,,,0.47100000000000003,0.0,0.0,
2020-02-06,13,1,0,0,,,,0.51,0.0,0.0,
2020-02-07,14,1,0,0,,,,0.5489999999999999,0.0,0.0,
2020-02-08,14,0,0,0,,,,0.5489999999999999,0.0,0.0,
2020-02-09,14,0,0,0,,,,0.5489999999999999,0.0,0.0,
2020-02-10,14,0,0,0,,,,0.5489999999999999,0.0,0.0,
2020-02-11,14,0,0,0,,,,0.5489999999999999,0.0,0.0,
2020-02-12,14,0,0,0,,,,0.5489999999999999,0.0,0.0,
2020-02-13,14,0,0,0,,,,0.5489999999999999,0.0,0.0,
2020-02-14,15,1,0,0,,,,0.588,0.0,0.0,
2020-02-15,15,0,0,0,,,,0.588,0.0,0.0,
2020-02-16,15,0,0,0,,,,0.588,0.0,0.0,
2020-02-17,15,0,0,0,,,,0.588,0.0,0.0,
2020-02-18,15,0,0,0,,,,0.588,0.0,0.0,
2020-02-19,15,0,0,0,,,,0.588,0.0,0.0,
2020-02-20,15,0,0,0,,,,0.588,0.0,0.0,
2020-02-21,17,2,0,0,,,,0.667,0.0,0.0,
2020-02-22,21,4,0,0,,,,0.8240000000000001,0.0,0.0,
2020-02-23,22,1,0,0,,,,0.863,0.0,0.0,
2020-02-24,22,0,0,0,,,,0.863,0.0,0.0,
2020-02-25,22,0,0,0,,,,0.863,0.0,0.0,
2020-02-26,22,0,0,0,,,,0.863,0.0,0.0,
2020-02-27,23,1,0,0,,,,0.902,0.0,0.0,
2020-02-28,23,0,0,0,,,,0.902,0.0,0.0,
2020-02-29,25,2,0,0,,,,0.98,0.0,0.0,
2020-03-01,26,1,1,1,,,,1.02,0.039,0.039,
2020-03-02,29,3,1,0,,,,1.137,0.039,0.0,
2020-03-03,33,4,1,0,,,,1.294,0.039,0.0,
2020-03-04,41,8,1,0,,,,1.608,0.039,0.0,
2020-03-05,52,11,2,1,,,,2.039,0.078,0.039,
2020-03-06,59,7,2,0,,,,2.314,0.078,0.0,
2020-03-07,63,4,2,0,,,,2.471,0.078,0.0,
2020-03-08,74,11,3,1,,,,2.9019999999999997,0.11800000000000001,0.039,
2020-03-09,80,6,3,0,,,,3.137,0.11800000000000001,0.0,
2020-03-10,100,20,3,0,,,,3.9219999999999997,0.11800000000000001,0.0,
2020-03-11,112,12,3,0,,,,4.3919999999999995,0.11800000000000001,0.0,
2020-03-12,126,14,3,0,,,,4.941,0.11800000000000001,0.0,
2020-03-13,156,30,3,0,,,,6.117999999999999,0.11800000000000001,0.0,
2020-03-14,197,41,3,0,,,,7.726,0.11800000000000001,0.0,
2020-03-15,249,52,3,0,,,,9.765,0.11800000000000001,0.0,
2020-03-16,298,49,5,2,,,,11.686,0.196,0.078,
2020-03-17,375,77,5,0,,,,14.706,0.196,0.0,
2020-03-18,454,79,5,0,,,,17.804000000000002,0.196,0.0,
2020-03-19,565,111,6,1,,,,22.156999999999996,0.235,0.039,
2020-03-20,709,144,6,0,,,,27.804000000000002,0.235,0.0,
2020-03-21,874,165,7,1,,,,34.275,0.275,0.039,
2020-03-22,1098,224,7,0,,,,43.059,0.275,0.0,143056.0
2020-03-23,1709,611,7,0,,,,67.02,0.275,0.0,
2020-03-24,1823,114,7,0,,,,71.491,0.275,0.0,
2020-03-25,2423,600,8,1,,,,95.02,0.314,0.039,
2020-03-26,2799,376,11,3,,,,109.765,0.431,0.11800000000000001,
2020-03-27,3166,367,13,2,,,,124.15700000000001,0.51,0.078,
2020-03-28,3378,212,13,0,,,,132.471,0.51,0.0,
2020-03-29,3809,431,14,1,,,,149.373,0.5489999999999999,0.039,211261.0
2020-03-30,4093,284,16,2,,,,160.511,0.627,0.078,
2020-03-31,4557,464,19,3,,,,178.707,0.745,0.11800000000000001,
2020-04-01,4707,150,20,1,,,,184.58900000000003,0.784,0.039,
2020-04-02,4976,269,21,1,,,,195.138,0.8240000000000001,0.039,
2020-04-03,5224,248,23,2,,,,204.864,0.902,0.078,
2020-04-04,5548,324,30,7,,,,217.57,1.176,0.275,
2020-04-05,5687,139,34,4,,,,223.021,1.3330000000000002,0.157,297154.0
2020-04-06,5744,57,36,2,,,,225.25599999999997,1.412,0.078,302663.0
2020-04-07,5844,100,42,6,,,,229.178,1.6469999999999998,0.235,310700.0
2020-04-08,5956,112,45,3,,,,233.57,1.765,0.11800000000000001,319368.0
2020-04-09,6052,96,50,5,,,,237.334,1.9609999999999999,0.196,330134.0
2020-04-10,6152,100,52,2,,,,241.25599999999997,2.039,0.078,338346.0
2020-04-11,6238,86,54,2,,,,244.62900000000002,2.1180000000000003,0.078,347847.0
2020-04-12,6289,51,57,3,,,,246.62900000000002,2.235,0.11800000000000001,353941.0
2020-04-13,6322,33,61,4,,,,247.923,2.392,0.157,362136.0
2020-04-14,6366,44,61,0,,,,249.648,2.392,0.0,366493.0
2020-04-15,6416,50,61,0,,,,251.609,2.392,0.0,371377.0
2020-04-16,6458,42,63,2,,,,253.25599999999997,2.471,0.078,380003.0
2020-04-17,6497,39,63,0,,,,254.78599999999997,2.471,0.0,391530.0
2020-04-18,6533,36,67,4,,,,256.197,2.627,0.157,406510.0
2020-04-19,6586,53,69,2,,,,258.276,2.7060000000000004,0.078,420996.0
2020-04-20,6612,26,70,1,,,,259.295,2.745,0.039,431734.0
2020-04-21,6625,13,71,1,,,,259.805,2.784,0.039,439842.0
2020-04-22,6647,22,74,3,,,,260.668,2.9019999999999997,0.11800000000000001,452441.0
2020-04-23,6654,7,74,0,,,,260.942,2.9019999999999997,0.0,466659.0
2020-04-24,6667,13,75,1,,,,261.452,2.9410000000000003,0.039,482370.0
2020-04-25,6687,20,79,4,,,,262.237,3.0980000000000003,0.157,494257.0
2020-04-26,6703,16,81,2,,,,262.86400000000003,3.176,0.078,506449.0
2020-04-27,6713,10,83,2,,,,263.256,3.255,0.078,517063.0
2020-04-28,6725,12,84,1,,,,263.72700000000003,3.2939999999999996,0.039,530679.0
2020-04-29,6738,13,88,4,,,,264.237,3.451,0.157,544410.0
