Date,Total Cases,New Cases,Total Deaths,New Deaths,Total Recovered,Active Cases,"Serious,Critical",Total Cases/1M people,Total Death/1M people,Total Tests,Tests/1M people
2019-12-31,0,0,0,0,,,,0.0,0.0,0.0,
2020-01-01,0,0,0,0,,,,0.0,0.0,0.0,
2020-01-02,0,0,0,0,,,,0.0,0.0,0.0,
2020-01-03,0,0,0,0,,,,0.0,0.0,0.0,
2020-01-04,0,0,0,0,,,,0.0,0.0,0.0,
2020-01-05,0,0,0,0,,,,0.0,0.0,0.0,
2020-01-06,0,0,0,0,,,,0.0,0.0,0.0,
2020-01-07,0,0,0,0,,,,0.0,0.0,0.0,
2020-01-08,0,0,0,0,,,,0.0,0.0,0.0,
2020-01-09,0,0,0,0,,,,0.0,0.0,0.0,
2020-01-10,0,0,0,0,,,,0.0,0.0,0.0,
2020-01-11,0,0,0,0,,,,0.0,0.0,0.0,
2020-01-12,0,0,0,0,,,,0.0,0.0,0.0,
2020-01-13,0,0,0,0,,,,0.0,0.0,0.0,
2020-01-14,0,0,0,0,,,,0.0,0.0,0.0,
2020-01-15,0,0,0,0,,,,0.0,0.0,0.0,
2020-01-16,0,0,0,0,,,,0.0,0.0,0.0,
2020-01-17,0,0,0,0,,,,0.0,0.0,0.0,
2020-01-18,0,0,0,0,,,,0.0,0.0,0.0,
2020-01-19,0,0,0,0,,,,0.0,0.0,0.0,
2020-01-20,0,0,0,0,,,,0.0,0.0,0.0,
2020-01-21,0,0,0,0,,,,0.0,0.0,0.0,
2020-01-22,0,0,0,0,,,,0.0,0.0,0.0,
2020-01-23,0,0,0,0,,,,0.0,0.0,0.0,
2020-01-24,0,0,0,0,,,,0.0,0.0,0.0,
2020-01-25,0,0,0,0,,,,0.0,0.0,0.0,
2020-01-26,0,0,0,0,,,,0.0,0.0,0.0,
2020-01-27,0,0,0,0,,,,0.0,0.0,0.0,
2020-01-28,0,0,0,0,,,,0.0,0.0,0.0,
2020-01-29,0,0,0,0,,,,0.0,0.0,0.0,
2020-01-30,0,0,0,0,,,,0.0,0.0,0.0,
2020-01-31,0,0,0,0,,,,0.0,0.0,0.0,
2020-02-01,0,0,0,0,,,,0.0,0.0,0.0,
2020-02-02,0,0,0,0,,,,0.0,0.0,0.0,
2020-02-03,0,0,0,0,,,,0.0,0.0,0.0,
2020-02-04,0,0,0,0,,,,0.0,0.0,0.0,
2020-02-05,0,0,0,0,,,,0.0,0.0,0.0,
2020-02-06,0,0,0,0,,,,0.0,0.0,0.0,
2020-02-07,0,0,0,0,,,,0.0,0.0,0.0,
2020-02-08,0,0,0,0,,,,0.0,0.0,0.0,
2020-02-09,0,0,0,0,,,,0.0,0.0,0.0,
2020-02-10,0,0,0,0,,,,0.0,0.0,0.0,
2020-02-11,0,0,0,0,,,,0.0,0.0,0.0,
2020-02-12,0,0,0,0,,,,0.0,0.0,0.0,
2020-02-13,0,0,0,0,,,,0.0,0.0,0.0,
2020-02-14,0,0,0,0,,,,0.0,0.0,0.0,
2020-02-15,0,0,0,0,,,,0.0,0.0,0.0,
2020-02-16,0,0,0,0,,,,0.0,0.0,0.0,
2020-02-17,0,0,0,0,,,,0.0,0.0,0.0,
2020-02-18,0,0,0,0,,,,0.0,0.0,0.0,
2020-02-19,0,0,0,0,,,,0.0,0.0,0.0,
2020-02-20,0,0,0,0,,,,0.0,0.0,0.0,
2020-02-21,0,0,0,0,,,,0.0,0.0,0.0,
2020-02-22,0,0,0,0,,,,0.0,0.0,0.0,
2020-02-23,0,0,0,0,,,,0.0,0.0,0.0,
2020-02-24,1,1,0,0,,,,0.588,0.0,0.0,
2020-02-25,2,1,0,0,,,,1.175,0.0,0.0,
2020-02-26,23,21,0,0,,,,13.517000000000001,0.0,0.0,
2020-02-27,33,10,0,0,,,,19.394000000000002,0.0,0.0,
2020-02-28,33,0,0,0,,,,19.394000000000002,0.0,0.0,
2020-02-29,38,5,0,0,,,,22.331999999999997,0.0,0.0,
2020-03-01,41,3,0,0,,,,24.095,0.0,0.0,
2020-03-02,47,6,0,0,,,,27.621,0.0,0.0,
2020-03-04,49,2,0,0,,,,28.796999999999997,0.0,0.0,
2020-03-05,52,3,0,0,,,,30.56,0.0,0.0,5334.0
2020-03-06,52,0,0,0,,,,30.56,0.0,0.0,
2020-03-07,56,4,0,0,,,,32.911,0.0,0.0,6420.0
2020-03-08,63,7,0,0,,,,37.024,0.0,0.0,
2020-03-09,79,16,0,0,,,,46.427,0.0,0.0,7830.0
2020-03-10,109,30,0,0,,,,64.058,0.0,0.0,8354.0
2020-03-11,110,1,0,0,,,,64.646,0.0,0.0,8810.0
2020-03-12,162,52,0,0,,,,95.205,0.0,0.0,9042.0
2020-03-13,162,0,0,0,,,,95.205,0.0,0.0,
2020-03-14,210,48,0,0,,,,123.414,0.0,0.0,
2020-03-15,211,1,0,0,,,,124.00200000000001,0.0,0.0,
2020-03-16,214,3,0,0,,,,125.765,0.0,0.0,12131.0
2020-03-17,221,7,1,1,,,,129.879,0.588,0.588,13553.0
2020-03-18,237,16,1,0,,,,139.282,0.588,0.0,
2020-03-19,256,19,1,0,,,,150.44799999999998,0.588,0.0,
2020-03-20,269,13,1,0,,,,158.088,0.588,0.0,19098.0
2020-03-21,285,16,1,0,,,,167.49099999999999,0.588,0.0,
2020-03-22,306,21,1,0,,,,179.833,0.588,0.0,
2020-03-23,334,28,2,1,,,,196.28799999999998,1.175,0.588,25169.0
2020-03-24,339,5,2,0,,,,199.226,1.175,0.0,
2020-03-25,390,51,3,1,,,,229.19799999999998,1.7630000000000001,0.588,
2020-03-26,419,29,3,0,,,,246.24099999999999,1.7630000000000001,0.0,29533.0
2020-03-27,458,39,4,1,,,,269.161,2.351,0.588,
2020-03-28,466,8,4,0,,,,273.863,2.351,0.0,
2020-03-29,473,7,4,0,,,,277.976,2.351,0.0,31895.0
2020-03-30,500,27,4,0,,,,293.844,2.351,0.0,32596.0
2020-03-31,515,15,4,0,,,,302.659,2.351,0.0,
2020-04-01,567,52,4,0,,,,333.219,2.351,0.0,
2020-04-02,569,2,4,0,,,,334.395,2.351,0.0,
2020-04-03,643,74,4,0,,,,377.88300000000004,2.351,0.0,37996.0
2020-04-04,643,0,4,0,,,,377.88300000000004,2.351,0.0,39256.0
2020-04-05,688,45,4,0,,,,404.329,2.351,0.0,44386.0
2020-04-06,700,12,4,0,,,,411.38199999999995,2.351,0.0,47684.0
2020-04-07,756,56,4,0,,,,444.292,2.351,0.0,50127.0
2020-04-08,811,55,5,1,,,,476.615,2.938,0.588,52804.0
2020-04-09,823,12,5,0,,,,483.667,2.938,0.0,55096.0
2020-04-10,887,64,5,0,,,,521.279,2.938,0.0,57681.0
2020-04-11,998,111,6,1,,,,586.513,3.5260000000000002,0.588,60706.0
2020-04-12,1040,42,6,0,,,,611.196,3.5260000000000002,0.0,63973.0
2020-04-13,1136,96,6,0,,,,667.6139999999999,3.5260000000000002,0.0,67327.0
2020-04-14,1361,225,7,1,,,,799.8430000000001,4.114,0.588,70813.0
2020-04-15,1528,167,7,0,,,,897.987,4.114,0.0,73272.0
2020-04-16,1673,145,7,0,,,,983.202,4.114,0.0,76944.0
2020-04-17,1700,27,7,0,,,,999.07,4.114,0.0,79612.0
2020-04-18,1744,44,7,0,,,,1024.928,4.114,0.0,82568.0
2020-04-19,1773,29,7,0,,,,1041.971,4.114,0.0,86732.0
2020-04-20,1873,100,7,0,,,,1100.74,4.114,0.0,90307.0
2020-04-21,1907,34,7,0,,,,1120.721,4.114,0.0,94380.0
2020-04-22,1973,66,7,0,,,,1159.509,4.114,0.0,97796.0
2020-04-23,2007,34,7,0,,,,1179.49,4.114,0.0,100031.0
2020-04-24,2217,210,8,1,,,,1302.904,4.702,0.588,105365.0
2020-04-25,2518,301,8,0,,,,1479.799,4.702,0.0,110407.0
2020-04-26,2589,71,8,0,,,,1521.524,4.702,0.0,114110.0
2020-04-27,2647,58,8,0,,,,1555.61,4.702,0.0,117797.0
2020-04-28,2723,76,8,0,,,,1600.275,4.702,0.0,121706.0
2020-04-29,2811,88,8,0,,,,1651.991,4.702,0.0,126905.0
