Date,Total Cases,New Cases,Total Deaths,New Deaths,Total Recovered,Active Cases,"Serious,Critical",Total Cases/1M people,Total Death/1M people,Total Tests,Tests/1M people
2019-12-31,0,0,0,0,,,,0.0,0.0,0.0,
2020-01-01,0,0,0,0,,,,0.0,0.0,0.0,
2020-01-02,0,0,0,0,,,,0.0,0.0,0.0,
2020-01-03,0,0,0,0,,,,0.0,0.0,0.0,
2020-01-04,0,0,0,0,,,,0.0,0.0,0.0,
2020-01-05,0,0,0,0,,,,0.0,0.0,0.0,
2020-01-06,0,0,0,0,,,,0.0,0.0,0.0,
2020-01-07,0,0,0,0,,,,0.0,0.0,0.0,
2020-01-08,0,0,0,0,,,,0.0,0.0,0.0,
2020-01-09,0,0,0,0,,,,0.0,0.0,0.0,
2020-01-10,0,0,0,0,,,,0.0,0.0,0.0,
2020-01-11,0,0,0,0,,,,0.0,0.0,0.0,
2020-01-12,0,0,0,0,,,,0.0,0.0,0.0,
2020-01-13,0,0,0,0,,,,0.0,0.0,0.0,
2020-01-14,0,0,0,0,,,,0.0,0.0,0.0,
2020-01-15,0,0,0,0,,,,0.0,0.0,0.0,
2020-01-16,0,0,0,0,,,,0.0,0.0,0.0,
2020-01-17,0,0,0,0,,,,0.0,0.0,0.0,
2020-01-18,0,0,0,0,,,,0.0,0.0,0.0,
2020-01-19,0,0,0,0,,,,0.0,0.0,0.0,
2020-01-20,0,0,0,0,,,,0.0,0.0,0.0,
2020-01-21,0,0,0,0,,,,0.0,0.0,0.0,
2020-01-22,0,0,0,0,,,,0.0,0.0,0.0,
2020-01-23,0,0,0,0,,,,0.0,0.0,0.0,
2020-01-24,0,0,0,0,,,,0.0,0.0,0.0,
2020-01-25,0,0,0,0,,,,0.0,0.0,0.0,
2020-01-26,0,0,0,0,,,,0.0,0.0,0.0,
2020-01-27,0,0,0,0,,,,0.0,0.0,0.0,
2020-01-28,0,0,0,0,,,,0.0,0.0,0.0,
2020-01-29,0,0,0,0,,,,0.0,0.0,0.0,
2020-01-30,0,0,0,0,,,,0.0,0.0,0.0,
2020-01-31,0,0,0,0,,,,0.0,0.0,0.0,
2020-02-01,0,0,0,0,,,,0.0,0.0,0.0,
2020-02-02,0,0,0,0,,,,0.0,0.0,0.0,
2020-02-03,0,0,0,0,,,,0.0,0.0,0.0,
2020-02-04,1,1,0,0,,,,0.086,0.0,0.0,
2020-02-05,1,0,0,0,,,,0.086,0.0,0.0,
2020-02-06,1,0,0,0,,,,0.086,0.0,0.0,
2020-02-07,1,0,0,0,,,,0.086,0.0,0.0,
2020-02-08,1,0,0,0,,,,0.086,0.0,0.0,
2020-02-09,1,0,0,0,,,,0.086,0.0,0.0,
2020-02-10,1,0,0,0,,,,0.086,0.0,0.0,
2020-02-11,1,0,0,0,,,,0.086,0.0,0.0,
2020-02-12,1,0,0,0,,,,0.086,0.0,0.0,
2020-02-13,1,0,0,0,,,,0.086,0.0,0.0,
2020-02-14,1,0,0,0,,,,0.086,0.0,0.0,
2020-02-15,1,0,0,0,,,,0.086,0.0,0.0,
2020-02-16,1,0,0,0,,,,0.086,0.0,0.0,
2020-02-17,1,0,0,0,,,,0.086,0.0,0.0,
2020-02-18,1,0,0,0,,,,0.086,0.0,0.0,
2020-02-19,1,0,0,0,,,,0.086,0.0,0.0,
2020-02-20,1,0,0,0,,,,0.086,0.0,0.0,
2020-02-21,1,0,0,0,,,,0.086,0.0,0.0,
2020-02-22,1,0,0,0,,,,0.086,0.0,0.0,
2020-02-23,1,0,0,0,,,,0.086,0.0,0.0,
2020-02-24,1,0,0,0,,,,0.086,0.0,0.0,
2020-02-25,1,0,0,0,,,,0.086,0.0,0.0,
2020-02-26,1,0,0,0,,,,0.086,0.0,0.0,
2020-02-27,1,0,0,0,,,,0.086,0.0,0.0,
2020-02-28,1,0,0,0,,,,0.086,0.0,0.0,
2020-02-29,1,0,0,0,,,,0.086,0.0,0.0,
2020-03-01,1,0,0,0,,,,0.086,0.0,0.0,56.0
2020-03-02,2,1,0,0,,,,0.17300000000000001,0.0,0.0,334.0
2020-03-03,8,6,0,0,,,,0.69,0.0,0.0,818.0
2020-03-04,13,5,0,0,,,,1.122,0.0,0.0,1473.0
2020-03-05,23,10,0,0,,,,1.985,0.0,0.0,2186.0
2020-03-06,50,27,0,0,,,,4.314,0.0,0.0,3220.0
2020-03-07,109,59,0,0,,,,9.405,0.0,0.0,3635.0
2020-03-08,169,60,0,0,,,,14.582,0.0,0.0,4055.0
2020-03-09,200,31,0,0,,,,17.257,0.0,0.0,4593.0
2020-03-10,239,39,0,0,,,,20.622,0.0,0.0,5316.0
2020-03-11,267,28,0,0,,,,23.038,0.0,0.0,6293.0
2020-03-12,314,47,3,3,,,,27.093000000000004,0.259,0.259,7656.0
2020-03-13,399,85,3,0,,,,34.427,0.259,0.0,10001.0
2020-03-14,559,160,3,0,,,,48.233000000000004,0.259,0.0,11958.0
2020-03-15,689,130,4,1,,,,59.45,0.345,0.086,13117.0
2020-03-16,886,197,4,0,,,,76.44800000000001,0.345,0.0,14735.0
2020-03-17,1085,199,5,1,,,,93.618,0.431,0.086,16653.0
2020-03-18,1243,158,5,0,,,,107.251,0.431,0.0,18992.0
2020-03-19,1486,243,14,9,,,,128.218,1.208,0.777,21802.0
2020-03-20,1795,309,21,7,,,,154.88,1.8119999999999998,0.604,24328.0
2020-03-21,2257,462,37,16,,,,194.743,3.193,1.381,26241.0
2020-03-22,2815,558,67,30,,,,242.89,5.781000000000001,2.589,27384.0
2020-03-23,3401,586,75,8,,,,293.452,6.471,0.69,30013.0
2020-03-24,3743,342,88,13,,,,322.962,7.593,1.122,33267.0
2020-03-25,4269,526,122,34,,,,368.347,10.527000000000001,2.9339999999999997,36840.0
2020-03-26,4937,668,178,56,,,,425.985,15.359000000000002,4.832,40271.0
2020-03-27,6235,1298,220,42,,,,537.982,18.983,3.6239999999999997,44308.0
2020-03-28,7284,1049,289,69,,,,628.494,24.936,5.954,47545.0
2020-03-29,9134,1850,353,64,,,,788.1189999999999,30.458000000000002,5.522,49502.0
2020-03-30,10836,1702,431,78,,,,934.975,37.188,6.73,52830.0
2020-03-31,11899,1063,513,82,,,,1026.695,44.263999999999996,7.075,58192.0
2020-04-01,12775,876,705,192,,,,1102.28,60.83,16.567,62978.0
2020-04-02,13964,1189,828,123,,,,1204.872,71.443,10.613,67820.0
2020-04-03,15348,1384,1011,183,,,,1324.289,87.23299999999999,15.79,73007.0
2020-04-04,16770,1422,1143,132,,,,1446.985,98.62299999999999,11.39,77321.0
2020-04-05,18431,1661,1283,140,,,,1590.3029999999999,110.70299999999999,12.08,79891.0
2020-04-06,19691,1260,1447,164,,,,1699.021,124.853,14.151,84224.0
2020-04-07,20814,1123,1632,185,,,,1795.918,140.816,15.963,90078.0
2020-04-08,22194,1380,2035,403,,,,1914.99,175.588,34.773,96232.0
2020-04-09,23403,1209,2240,205,,,,2019.308,193.27599999999998,17.688,102357.0
2020-04-10,24983,1580,2523,283,,,,2155.637,217.695,24.418000000000003,108805.0
2020-04-11,26667,1684,3019,496,,,,2300.939,260.492,42.797,115168.0
2020-04-12,28018,1351,3346,327,,,,2417.509,288.707,28.215,120488.0
2020-04-13,29647,1629,3600,254,,,,2558.0660000000003,310.623,21.916,125209.0
2020-04-14,30589,942,3903,303,,,,2639.345,336.767,26.144000000000002,130880.0
2020-04-15,31119,530,4157,254,,,,2685.0759999999996,358.68300000000005,21.916,138676.0
2020-04-16,33573,2454,4440,283,,,,2896.817,383.102,24.418000000000003,146308.0
2020-04-17,34809,1236,4857,417,,,,3003.4640000000004,419.082,35.98,154155.0
2020-04-18,36138,1329,5163,306,,,,3118.136,445.485,26.403000000000002,161102.0
2020-04-19,37183,1045,5453,290,,,,3208.303,470.50699999999995,25.022,165775.0
2020-04-20,38496,1313,5683,230,,,,3321.594,490.353,19.845,172850.0
2020-04-21,39983,1487,5828,145,,,,3449.8990000000003,502.86400000000003,12.511,180113.0
2020-04-22,40956,973,5998,170,,,,3533.853,517.5319999999999,14.668,189100.0
2020-04-23,41889,933,6262,264,,,,3614.3559999999998,540.311,22.779,198403.0
2020-04-24,42797,908,6490,228,,,,3692.702,559.984,19.673,207815.0
2020-04-25,44293,1496,6679,189,,,,3821.783,576.2919999999999,16.308,215227.0
2020-04-26,45325,1032,6917,238,,,,3910.828,596.827,20.535999999999998,219865.0
2020-04-27,46134,809,7094,177,,,,3980.632,612.1,15.272,226006.0
2020-04-28,46687,553,7207,113,,,,4028.347,621.85,9.75,
2020-04-29,47334,647,7331,124,,,,4084.173,632.549,10.699000000000002,
