Date,Total Cases,New Cases,Total Deaths,New Deaths,Total Recovered,Active Cases,"Serious,Critical",Total Cases/1M people,Total Death/1M people,Total Tests,Tests/1M people
2019-12-31,0,0,0,0,,,,0.0,0.0,0.0,
2020-01-01,0,0,0,0,,,,0.0,0.0,0.0,
2020-01-02,0,0,0,0,,,,0.0,0.0,0.0,
2020-01-03,0,0,0,0,,,,0.0,0.0,0.0,
2020-01-04,0,0,0,0,,,,0.0,0.0,0.0,
2020-01-05,0,0,0,0,,,,0.0,0.0,0.0,
2020-01-06,0,0,0,0,,,,0.0,0.0,0.0,
2020-01-07,0,0,0,0,,,,0.0,0.0,0.0,
2020-01-08,0,0,0,0,,,,0.0,0.0,0.0,
2020-01-09,0,0,0,0,,,,0.0,0.0,0.0,
2020-01-10,0,0,0,0,,,,0.0,0.0,0.0,
2020-01-11,0,0,0,0,,,,0.0,0.0,0.0,
2020-01-12,0,0,0,0,,,,0.0,0.0,0.0,
2020-01-13,0,0,0,0,,,,0.0,0.0,0.0,
2020-01-14,0,0,0,0,,,,0.0,0.0,0.0,
2020-01-15,0,0,0,0,,,,0.0,0.0,0.0,
2020-01-16,0,0,0,0,,,,0.0,0.0,0.0,
2020-01-17,0,0,0,0,,,,0.0,0.0,0.0,
2020-01-18,0,0,0,0,,,,0.0,0.0,0.0,
2020-01-19,0,0,0,0,,,,0.0,0.0,0.0,
2020-01-20,0,0,0,0,,,,0.0,0.0,0.0,
2020-01-21,0,0,0,0,,,,0.0,0.0,0.0,
2020-01-22,0,0,0,0,,,,0.0,0.0,0.0,
2020-01-23,0,0,0,0,,,,0.0,0.0,0.0,
2020-01-24,0,0,0,0,,,,0.0,0.0,0.0,
2020-01-25,0,0,0,0,,,,0.0,0.0,0.0,
2020-01-26,0,0,0,0,,,,0.0,0.0,0.0,
2020-01-27,0,0,0,0,,,,0.0,0.0,0.0,
2020-01-28,0,0,0,0,,,,0.0,0.0,0.0,
2020-01-29,0,0,0,0,,,,0.0,0.0,0.0,
2020-01-30,0,0,0,0,,,,0.0,0.0,0.0,
2020-01-31,0,0,0,0,,,,0.0,0.0,0.0,
2020-02-01,0,0,0,0,,,,0.0,0.0,0.0,
2020-02-02,0,0,0,0,,,,0.0,0.0,0.0,
2020-02-03,0,0,0,0,,,,0.0,0.0,0.0,
2020-02-04,0,0,0,0,,,,0.0,0.0,0.0,
2020-02-05,0,0,0,0,,,,0.0,0.0,0.0,
2020-02-06,0,0,0,0,,,,0.0,0.0,0.0,
2020-02-07,0,0,0,0,,,,0.0,0.0,0.0,
2020-02-08,0,0,0,0,,,,0.0,0.0,0.0,
2020-02-09,0,0,0,0,,,,0.0,0.0,0.0,
2020-02-10,0,0,0,0,,,,0.0,0.0,0.0,
2020-02-11,0,0,0,0,,,,0.0,0.0,0.0,
2020-02-12,0,0,0,0,,,,0.0,0.0,0.0,
2020-02-13,0,0,0,0,,,,0.0,0.0,0.0,
2020-02-14,0,0,0,0,,,,0.0,0.0,0.0,
2020-02-15,0,0,0,0,,,,0.0,0.0,0.0,
2020-02-16,0,0,0,0,,,,0.0,0.0,0.0,
2020-02-17,0,0,0,0,,,,0.0,0.0,0.0,
2020-02-18,0,0,0,0,,,,0.0,0.0,0.0,
2020-02-19,0,0,0,0,,,,0.0,0.0,0.0,
2020-02-20,0,0,0,0,,,,0.0,0.0,0.0,
2020-02-21,0,0,0,0,,,,0.0,0.0,0.0,
2020-02-22,0,0,0,0,,,,0.0,0.0,0.0,
2020-02-23,0,0,0,0,,,,0.0,0.0,0.0,
2020-02-24,0,0,0,0,,,,0.0,0.0,0.0,
2020-02-25,0,0,0,0,,,,0.0,0.0,0.0,
2020-02-26,1,1,0,0,,,,0.005,0.0,0.0,
2020-02-27,1,0,0,0,,,,0.005,0.0,0.0,
2020-02-28,1,0,0,0,,,,0.005,0.0,0.0,
2020-02-29,1,0,0,0,,,,0.005,0.0,0.0,
2020-03-01,2,1,0,0,,,,0.009000000000000001,0.0,0.0,
2020-03-02,2,0,0,0,,,,0.009000000000000001,0.0,0.0,
2020-03-03,2,0,0,0,,,,0.009000000000000001,0.0,0.0,
2020-03-04,2,0,0,0,,,,0.009000000000000001,0.0,0.0,
2020-03-05,3,1,0,0,,,,0.013999999999999999,0.0,0.0,
2020-03-06,8,5,0,0,,,,0.038,0.0,0.0,
2020-03-07,13,5,0,0,,,,0.061,0.0,0.0,
2020-03-08,13,0,0,0,,,,0.061,0.0,0.0,
2020-03-09,25,12,0,0,,,,0.11800000000000001,0.0,0.0,
2020-03-10,25,0,0,0,,,,0.11800000000000001,0.0,0.0,
2020-03-11,34,9,0,0,,,,0.16,0.0,0.0,
2020-03-12,52,18,0,0,,,,0.245,0.0,0.0,
2020-03-13,77,25,0,0,,,,0.36200000000000004,0.0,0.0,
2020-03-14,98,21,0,0,,,,0.461,0.0,0.0,
2020-03-15,121,23,0,0,,,,0.569,0.0,0.0,
2020-03-16,200,79,0,0,,,,0.941,0.0,0.0,
2020-03-17,234,34,0,0,,,,1.101,0.0,0.0,
2020-03-18,291,57,1,1,,,,1.369,0.005,0.005,
2020-03-19,428,137,4,3,,,,2.0140000000000002,0.019,0.013999999999999999,
2020-03-20,621,193,6,2,,,,2.9219999999999997,0.027999999999999997,0.009000000000000001,
2020-03-21,904,283,11,5,,,,4.253,0.052000000000000005,0.024,
2020-03-22,1128,224,18,7,,,,5.307,0.085,0.033,
2020-03-23,1546,418,25,7,,,,7.273,0.11800000000000001,0.033,
2020-03-24,1891,345,34,9,,,,8.896,0.16,0.042,
2020-03-25,2201,310,46,12,,,,10.355,0.21600000000000003,0.055999999999999994,
2020-03-26,2433,232,57,11,,,,11.446,0.268,0.052000000000000005,
2020-03-27,2915,482,77,20,,,,13.714,0.36200000000000004,0.094,
2020-03-28,3417,502,92,15,,,,16.076,0.433,0.071,
2020-03-29,3904,487,114,22,,,,18.367,0.536,0.10400000000000001,
2020-03-30,4256,352,136,22,,,,20.023,0.64,0.10400000000000001,
2020-03-31,4579,323,159,23,,,,21.541999999999998,0.748,0.10800000000000001,
2020-04-01,5717,1138,201,42,,,,26.896,0.946,0.198,
2020-04-02,6836,1119,241,40,,,,32.16,1.1340000000000001,0.188,
2020-04-03,7910,1074,299,58,,,,37.213,1.4069999999999998,0.273,
2020-04-04,9056,1146,359,60,,,,42.605,1.689,0.282,
2020-04-05,10278,1222,432,73,,,,48.354,2.032,0.34299999999999997,
2020-04-06,11130,852,486,54,,,,52.361999999999995,2.286,0.254,
2020-04-07,12056,926,553,67,,,,56.718,2.602,0.315,
2020-04-08,13717,1661,667,114,,,,64.533,3.138,0.536,
2020-04-09,15927,2210,800,133,,,,74.93,3.764,0.626,
2020-04-10,17857,1930,941,141,,,,84.009,4.427,0.6629999999999999,
2020-04-11,19638,1781,1056,115,,,,92.38799999999999,4.968,0.541,
2020-04-12,20727,1089,1124,68,,,,97.512,5.287999999999999,0.32,
2020-04-13,22169,1442,1223,99,,,,104.296,5.754,0.466,
2020-04-14,23430,1261,1328,105,,,,110.228,6.247999999999999,0.494,
2020-04-15,25262,1832,1532,204,,,,118.84700000000001,7.207000000000001,0.96,
2020-04-16,28320,3058,1736,204,,,,133.233,8.167,0.96,
2020-04-17,30425,2105,1924,188,,,,143.136,9.052,0.884,
2020-04-18,33682,3257,2141,217,,,,158.459,10.072000000000001,1.021,
2020-04-19,36599,2917,2347,206,,,,172.18200000000002,11.042,0.9690000000000001,
2020-04-20,38654,2055,2462,115,,,,181.85,11.583,0.541,
2020-04-21,40581,1927,2575,113,,,,190.916,12.114,0.532,
2020-04-22,43079,2498,2741,166,,,,202.668,12.895,0.7809999999999999,
2020-04-23,45757,2678,2906,165,,,,215.267,13.671,0.7759999999999999,
2020-04-24,49492,3735,3313,407,,,,232.838,15.585999999999999,1.915,
2020-04-25,52995,3503,3670,357,,,,249.31900000000002,17.266,1.68,
2020-04-26,58509,5514,4016,346,,,,275.26,18.894000000000002,1.6280000000000001,
2020-04-27,61888,3379,4205,189,,,,291.156,19.783,0.889,
2020-04-28,66501,4613,4543,338,,,,312.858,21.373,1.59,
2020-04-29,71886,5385,5017,474,,,,338.19300000000004,23.603,2.23,
