Date,Countries,Total Cases,New Cases,Total Deaths,New Deaths,Total Recovered,Active Cases,"Serious,Critical",Total Cases/1M people,Total Death/1M people,Total Tests,Tests/1M people,Continent
2019-12-31,China,27,27,0,0,,,,0.019,0.0,0.0,,
2020-01-01,China,27,0,0,0,,,,0.019,0.0,0.0,,
2020-01-02,China,27,0,0,0,,,,0.019,0.0,0.0,,
2020-01-03,China,44,17,0,0,,,,0.031,0.0,0.0,,
2020-01-04,China,44,0,0,0,,,,0.031,0.0,0.0,,
2020-01-05,China,59,15,0,0,,,,0.040999999999999995,0.0,0.0,,
2020-01-06,China,59,0,0,0,,,,0.040999999999999995,0.0,0.0,,
2020-01-07,China,59,0,0,0,,,,0.040999999999999995,0.0,0.0,,
2020-01-08,China,59,0,0,0,,,,0.040999999999999995,0.0,0.0,,
2020-01-09,China,59,0,0,0,,,,0.040999999999999995,0.0,0.0,,
2020-01-10,China,59,0,0,0,,,,0.040999999999999995,0.0,0.0,,
2020-01-11,China,59,0,1,1,,,,0.040999999999999995,0.001,0.001,,
2020-01-12,China,59,0,1,0,,,,0.040999999999999995,0.001,0.0,,
2020-01-13,China,59,0,1,0,,,,0.040999999999999995,0.001,0.0,,
2020-01-14,China,59,0,1,0,,,,0.040999999999999995,0.001,0.0,,
2020-01-15,China,59,0,2,1,,,,0.040999999999999995,0.001,0.001,,
2020-01-16,China,59,0,2,0,,,,0.040999999999999995,0.001,0.0,,
2020-01-17,China,63,4,2,0,,,,0.044000000000000004,0.001,0.0,,
2020-01-18,China,80,17,2,0,,,,0.055999999999999994,0.001,0.0,,
2020-01-19,China,216,136,3,1,,,,0.15,0.002,0.001,,
2020-01-20,China,235,19,3,0,,,,0.163,0.002,0.0,,
2020-01-21,China,386,151,6,3,,,,0.268,0.004,0.002,,
2020-01-22,China,526,140,17,11,,,,0.365,0.012,0.008,,
2020-01-23,China,623,97,17,0,,,,0.433,0.012,0.0,,
2020-01-24,China,882,259,26,9,,,,0.613,0.018000000000000002,0.006,,
2020-01-25,China,1323,441,41,15,,,,0.919,0.027999999999999997,0.01,,
2020-01-26,China,1988,665,56,15,,,,1.381,0.039,0.01,,
2020-01-27,China,2775,787,81,25,,,,1.9280000000000002,0.055999999999999994,0.017,,
2020-01-28,China,4528,1753,106,25,,,,3.1460000000000004,0.07400000000000001,0.017,,
2020-01-29,China,5994,1466,132,26,,,,4.164,0.092,0.018000000000000002,,
2020-01-30,China,7734,1740,170,38,,,,5.372999999999999,0.11800000000000001,0.026000000000000002,,
2020-01-31,China,9714,1980,213,43,,,,6.749,0.14800000000000002,0.03,,
2020-02-01,China,11809,2095,259,46,,,,8.205,0.18,0.032,,
2020-02-02,China,14399,2590,304,45,,,,10.004,0.21100000000000002,0.031,,
2020-02-03,China,17211,2812,361,57,,,,11.958,0.251,0.04,,
2020-02-04,China,20448,3237,426,65,,,,14.207,0.29600000000000004,0.045,,
2020-02-05,China,24320,3872,492,66,,,,16.897000000000002,0.342,0.046,,
2020-02-06,China,28047,3727,564,72,,,,19.486,0.392,0.05,,
2020-02-07,China,31207,3160,637,73,,,,21.682,0.44299999999999995,0.051,,
2020-02-08,China,34625,3418,723,86,,,,24.055999999999997,0.502,0.06,,
2020-02-09,China,37232,2607,812,89,,,,25.868000000000002,0.564,0.062,,
2020-02-10,China,40206,2974,909,97,,,,27.934,0.632,0.067,,
2020-02-11,China,42696,2490,1017,108,,,,29.664,0.7070000000000001,0.075,,
2020-02-12,China,44724,2028,1114,97,,,,31.073,0.774,0.067,,
2020-02-13,China,59865,15141,1368,254,,,,41.592,0.95,0.17600000000000002,,
2020-02-14,China,64021,4156,1381,13,,,,44.48,0.9590000000000001,0.009000000000000001,,
2020-02-15,China,66559,2538,1524,143,,,,46.243,1.0590000000000002,0.099,,
2020-02-16,China,68566,2007,1666,142,,,,47.638000000000005,1.157,0.099,,
2020-02-17,China,70618,2052,1771,105,,,,49.063,1.23,0.073,,
2020-02-18,China,72508,1890,1869,98,,,,50.376000000000005,1.2990000000000002,0.068,,
2020-02-19,China,74258,1750,2008,139,,,,51.592,1.395,0.09699999999999999,,
2020-02-20,China,74652,394,2120,112,,,,51.86600000000001,1.473,0.078,,
2020-02-21,China,75543,891,2238,118,,,,52.485,1.555,0.08199999999999999,,
2020-02-22,China,76369,826,2347,109,,,,53.059,1.631,0.076,,
2020-02-23,China,77016,647,2445,98,,,,53.508,1.699,0.068,,
2020-02-24,China,77234,218,2595,150,,,,53.66,1.8030000000000002,0.10400000000000001,,
2020-02-25,China,77749,515,2665,70,,,,54.018,1.8519999999999999,0.049,,
2020-02-26,China,78159,410,2717,52,,,,54.303000000000004,1.8880000000000001,0.036000000000000004,,
2020-02-27,China,78598,439,2746,29,,,,54.608000000000004,1.9080000000000001,0.02,,
2020-02-28,China,78927,329,2790,44,,,,54.836000000000006,1.9380000000000002,0.031,,
2020-02-29,China,79355,428,2837,47,,,,55.13399999999999,1.9709999999999999,0.033,,
2020-03-01,China,79929,574,2872,35,,,,55.532,1.995,0.024,,
2020-03-02,China,80134,205,2914,42,,,,55.675,2.025,0.028999999999999998,,
2020-03-03,China,80261,127,2946,32,,,,55.763000000000005,2.0469999999999997,0.022000000000000002,,
2020-03-04,China,80380,119,2983,37,,,,55.846000000000004,2.073,0.026000000000000002,,
2020-03-05,China,80497,117,3014,31,,,,55.927,2.094,0.022000000000000002,,
2020-03-06,China,80667,170,3044,30,,,,56.045,2.115,0.021,,
2020-03-07,China,80768,101,3072,28,,,,56.115,2.134,0.019,,
2020-03-08,China,80814,46,3099,27,,,,56.147,2.153,0.019,,
2020-03-09,China,80859,45,3122,23,,,,56.178000000000004,2.169,0.016,,
2020-03-10,China,80879,20,3139,17,,,,56.192,2.181,0.012,,
2020-03-11,China,80908,29,3161,22,,,,56.213,2.1959999999999997,0.015,,
2020-03-12,China,80932,24,3172,11,,,,56.229,2.204,0.008,,
2020-03-13,China,80954,22,3179,7,,,,56.244,2.209,0.005,,
2020-03-14,China,80973,19,3194,15,,,,56.258,2.219,0.01,,
2020-03-15,China,80995,22,3203,9,,,,56.273,2.225,0.006,,
2020-03-16,China,81020,25,3216,13,,,,56.29,2.234,0.009000000000000001,,
2020-03-17,China,81063,43,3225,9,,,,56.32,2.241,0.006,,
2020-03-18,China,81086,23,3241,16,,,,56.336000000000006,2.252,0.011000000000000001,,
2020-03-19,China,81130,44,3249,8,,,,56.367,2.2569999999999997,0.006,,
2020-03-20,China,81229,99,3253,4,,,,56.43600000000001,2.26,0.003,,
2020-03-21,China,81281,52,3259,6,,,,56.472,2.2640000000000002,0.004,,
2020-03-22,China,81346,65,3265,6,,,,56.516999999999996,2.2680000000000002,0.004,,
2020-03-23,China,81484,138,3274,9,,,,56.613,2.275,0.006,,
2020-03-24,China,81553,69,3281,7,,,,56.661,2.28,0.005,,
2020-03-25,China,81631,78,3285,4,,,,56.715,2.282,0.003,,
2020-03-26,China,81733,102,3291,6,,,,56.786,2.286,0.004,,
2020-03-27,China,81827,94,3296,5,,,,56.851000000000006,2.29,0.003,,
2020-03-28,China,81946,119,3299,3,,,,56.934,2.292,0.002,,
2020-03-29,China,82059,113,3304,5,,,,57.012,2.296,0.003,,
2020-03-30,China,82157,98,3306,2,,,,57.08,2.2969999999999997,0.001,,
2020-03-31,China,82241,84,3309,3,,,,57.138999999999996,2.299,0.002,,
2020-04-01,China,82295,54,3310,1,,,,57.176,2.3,0.001,,
2020-04-02,China,82395,100,3316,6,,,,57.246,2.3040000000000003,0.004,,
2020-04-03,China,82465,70,3326,10,,,,57.294,2.311,0.006999999999999999,,
2020-04-04,China,82527,62,3330,4,,,,57.336999999999996,2.314,0.003,,
2020-04-05,China,82575,48,3333,3,,,,57.371,2.316,0.002,,
2020-04-06,China,82642,67,3335,2,,,,57.417,2.3169999999999997,0.001,,
2020-04-07,China,82698,56,3335,0,,,,57.456,2.3169999999999997,0.0,,
2020-04-08,China,82784,86,3337,2,,,,57.516000000000005,2.318,0.001,,
2020-04-09,China,82870,86,3339,2,,,,57.576,2.32,0.001,,
2020-04-10,China,82925,55,3340,1,,,,57.614,2.3209999999999997,0.001,,
2020-04-11,China,83004,79,3343,3,,,,57.669,2.323,0.002,,
2020-04-12,China,83097,93,3343,0,,,,57.733000000000004,2.323,0.0,,
2020-04-13,China,83209,112,3345,2,,,,57.81100000000001,2.324,0.001,,
2020-04-14,China,83303,94,3345,0,,,,57.876000000000005,2.324,0.0,,
2020-04-15,China,83352,49,3346,1,,,,57.911,2.325,0.001,,
2020-04-16,China,83402,50,3346,0,,,,57.945,2.325,0.0,,
2020-04-17,China,83754,352,4636,1290,,,,58.19,3.221,0.8959999999999999,,
2020-04-18,China,83785,31,4636,0,,,,58.211000000000006,3.221,0.0,,
2020-04-19,China,83803,18,4636,0,,,,58.224,3.221,0.0,,
2020-04-20,China,83817,14,4636,0,,,,58.233999999999995,3.221,0.0,,
2020-04-21,China,83849,32,4636,0,,,,58.256,3.221,0.0,,
