Date,Total Cases,New Cases,Total Deaths,New Deaths,Total Recovered,Active Cases,"Serious,Critical",Total Cases/1M people,Total Death/1M people,Total Tests,Tests/1M people
2019-12-31,0,0,0,0,,,,0.0,0.0,0.0,
2020-01-01,0,0,0,0,,,,0.0,0.0,0.0,
2020-01-02,0,0,0,0,,,,0.0,0.0,0.0,
2020-01-03,0,0,0,0,,,,0.0,0.0,0.0,
2020-01-04,0,0,0,0,,,,0.0,0.0,0.0,
2020-01-05,0,0,0,0,,,,0.0,0.0,0.0,
2020-01-06,0,0,0,0,,,,0.0,0.0,0.0,
2020-01-07,0,0,0,0,,,,0.0,0.0,0.0,
2020-01-08,0,0,0,0,,,,0.0,0.0,0.0,
2020-01-09,0,0,0,0,,,,0.0,0.0,0.0,
2020-01-10,0,0,0,0,,,,0.0,0.0,0.0,
2020-01-11,0,0,0,0,,,,0.0,0.0,0.0,
2020-01-12,0,0,0,0,,,,0.0,0.0,0.0,
2020-01-13,0,0,0,0,,,,0.0,0.0,0.0,
2020-01-14,0,0,0,0,,,,0.0,0.0,0.0,
2020-01-15,0,0,0,0,,,,0.0,0.0,0.0,
2020-01-16,0,0,0,0,,,,0.0,0.0,0.0,
2020-01-17,0,0,0,0,,,,0.0,0.0,0.0,
2020-01-18,0,0,0,0,,,,0.0,0.0,0.0,
2020-01-19,0,0,0,0,,,,0.0,0.0,0.0,
2020-01-20,0,0,0,0,,,,0.0,0.0,0.0,
2020-01-21,0,0,0,0,,,,0.0,0.0,0.0,
2020-01-22,0,0,0,0,,,,0.0,0.0,0.0,
2020-01-23,0,0,0,0,,,,0.0,0.0,0.0,
2020-01-24,0,0,0,0,,,,0.0,0.0,0.0,
2020-01-25,0,0,0,0,,,,0.0,0.0,0.0,
2020-01-26,0,0,0,0,,,,0.0,0.0,0.0,
2020-01-27,0,0,0,0,,,,0.0,0.0,0.0,
2020-01-28,0,0,0,0,,,,0.0,0.0,0.0,
2020-01-29,0,0,0,0,,,,0.0,0.0,0.0,
2020-01-30,0,0,0,0,,,,0.0,0.0,0.0,
2020-01-31,0,0,0,0,,,,0.0,0.0,0.0,
2020-02-01,0,0,0,0,,,,0.0,0.0,0.0,
2020-02-02,0,0,0,0,,,,0.0,0.0,0.0,
2020-02-03,0,0,0,0,,,,0.0,0.0,0.0,
2020-02-04,0,0,0,0,,,,0.0,0.0,0.0,
2020-02-05,0,0,0,0,,,,0.0,0.0,0.0,
2020-02-06,0,0,0,0,,,,0.0,0.0,0.0,
2020-02-07,0,0,0,0,,,,0.0,0.0,0.0,
2020-02-08,0,0,0,0,,,,0.0,0.0,0.0,
2020-02-09,0,0,0,0,,,,0.0,0.0,0.0,
2020-02-10,0,0,0,0,,,,0.0,0.0,0.0,
2020-02-11,0,0,0,0,,,,0.0,0.0,0.0,
2020-02-12,0,0,0,0,,,,0.0,0.0,0.0,
2020-02-13,0,0,0,0,,,,0.0,0.0,0.0,
2020-02-14,0,0,0,0,,,,0.0,0.0,0.0,
2020-02-15,1,1,0,0,,,,0.01,0.0,0.0,
2020-02-16,1,0,0,0,,,,0.01,0.0,0.0,
2020-02-17,1,0,0,0,,,,0.01,0.0,0.0,
2020-02-18,1,0,0,0,,,,0.01,0.0,0.0,
2020-02-19,1,0,0,0,,,,0.01,0.0,0.0,
2020-02-20,1,0,0,0,,,,0.01,0.0,0.0,
2020-02-21,1,0,0,0,,,,0.01,0.0,0.0,
2020-02-22,1,0,0,0,,,,0.01,0.0,0.0,
2020-02-23,1,0,0,0,,,,0.01,0.0,0.0,
2020-02-24,1,0,0,0,,,,0.01,0.0,0.0,
2020-02-25,1,0,0,0,,,,0.01,0.0,0.0,
2020-02-26,1,0,0,0,,,,0.01,0.0,0.0,
2020-02-27,1,0,0,0,,,,0.01,0.0,0.0,
2020-02-28,1,0,0,0,,,,0.01,0.0,0.0,
2020-02-29,1,0,0,0,,,,0.01,0.0,0.0,
2020-03-01,1,0,0,0,,,,0.01,0.0,0.0,
2020-03-02,2,1,0,0,,,,0.02,0.0,0.0,
2020-03-06,3,1,0,0,,,,0.028999999999999998,0.0,0.0,
2020-03-07,15,12,0,0,,,,0.147,0.0,0.0,
2020-03-09,49,34,1,1,,,,0.479,0.01,0.01,
2020-03-10,55,6,1,0,,,,0.537,0.01,0.0,
2020-03-11,59,4,1,0,,,,0.5770000000000001,0.01,0.0,
2020-03-12,60,1,1,0,,,,0.586,0.01,0.0,
2020-03-13,80,20,2,1,,,,0.782,0.02,0.01,
2020-03-14,93,13,2,0,,,,0.909,0.02,0.0,
2020-03-15,93,0,2,0,,,,0.909,0.02,0.0,
2020-03-16,110,17,2,0,,,,1.075,0.02,0.0,
2020-03-17,126,16,2,0,,,,1.2309999999999999,0.02,0.0,
2020-03-18,166,40,4,2,,,,1.6219999999999999,0.039,0.02,
2020-03-19,196,30,6,2,,,,1.915,0.059000000000000004,0.02,
2020-03-20,210,14,6,0,,,,2.052,0.059000000000000004,0.0,
2020-03-21,256,46,7,1,,,,2.502,0.068,0.01,
2020-03-22,285,29,8,1,,,,2.785,0.078,0.01,
2020-03-23,294,9,10,2,,,,2.873,0.098,0.02,
2020-03-24,327,33,14,4,,,,3.195,0.13699999999999998,0.039,
2020-03-25,366,39,19,5,,,,3.577,0.18600000000000003,0.049,
2020-03-26,442,76,21,2,,,,4.319,0.205,0.02,
2020-03-27,456,14,21,0,,,,4.456,0.205,0.0,
2020-03-28,495,39,24,3,,,,4.837,0.235,0.028999999999999998,
2020-03-29,536,41,30,6,,,,5.2379999999999995,0.293,0.059000000000000004,
2020-03-30,576,40,36,6,,,,5.629,0.35200000000000004,0.059000000000000004,
2020-03-31,609,33,40,4,,,,5.9510000000000005,0.391,0.039,
2020-04-01,656,47,41,1,,,,6.41,0.401,0.01,
2020-04-02,710,54,46,5,,,,6.938,0.45,0.049,
2020-04-03,779,69,52,6,,,,7.612,0.508,0.059000000000000004,
2020-04-04,779,0,52,0,,,,7.612,0.508,0.0,
2020-04-05,985,206,66,14,,,,9.625,0.645,0.13699999999999998,
2020-04-06,1070,85,71,5,,,,10.456,0.6940000000000001,0.049,
2020-04-07,1073,3,78,7,,,,10.485,0.762,0.068,
2020-04-08,1322,249,85,7,,,,12.918,0.831,0.068,
2020-04-09,1560,238,103,18,,,,15.244000000000002,1.0070000000000001,0.17600000000000002,
2020-04-10,1699,139,118,15,,,,16.602,1.153,0.147,
2020-04-11,1794,95,135,17,,,,17.531,1.319,0.166,
2020-04-12,1939,145,146,11,,,,18.948,1.4269999999999998,0.107,
2020-04-13,2065,126,159,13,,,,20.179000000000002,1.554,0.127,
2020-04-14,2190,125,164,5,,,,21.4,1.6030000000000002,0.049,
2020-04-15,2350,160,178,14,,,,22.964000000000002,1.739,0.13699999999999998,
2020-04-16,2505,155,183,5,,,,24.479,1.788,0.049,
2020-04-17,2673,168,196,13,,,,26.12,1.915,0.127,
2020-04-18,2844,171,205,9,,,,27.791,2.003,0.08800000000000001,
2020-04-19,3032,188,224,19,,,,29.628,2.189,0.18600000000000003,
2020-04-20,3144,112,239,15,,,,30.723000000000003,2.335,0.147,
2020-04-21,3333,189,250,11,,,,32.57,2.443,0.107,
2020-04-22,3490,157,264,14,,,,34.104,2.58,0.13699999999999998,
2020-04-23,3490,0,264,0,,,,34.104,2.58,0.0,
2020-04-24,3659,169,276,12,,,,35.755,2.697,0.11699999999999999,
2020-04-25,4092,433,294,18,,,,39.986999999999995,2.873,0.17600000000000002,
2020-04-26,4319,227,307,13,,,,42.205,3.0,0.127,
2020-04-27,4319,0,307,0,,,,42.205,3.0,0.0,
2020-04-28,4782,463,337,30,,,,46.729,3.293,0.293,
2020-04-29,5042,260,359,22,,,,49.27,3.508,0.215,
