Date,Total Cases,New Cases,Total Deaths,New Deaths,Total Recovered,Active Cases,"Serious,Critical",Total Cases/1M people,Total Death/1M people,Total Tests,Tests/1M people
2019-12-31,0,0,0,0,,,,0.0,0.0,0.0,
2020-01-01,0,0,0,0,,,,0.0,0.0,0.0,
2020-01-02,0,0,0,0,,,,0.0,0.0,0.0,
2020-01-03,0,0,0,0,,,,0.0,0.0,0.0,
2020-01-04,0,0,0,0,,,,0.0,0.0,0.0,
2020-01-05,0,0,0,0,,,,0.0,0.0,0.0,
2020-01-06,0,0,0,0,,,,0.0,0.0,0.0,
2020-01-07,0,0,0,0,,,,0.0,0.0,0.0,
2020-01-08,0,0,0,0,,,,0.0,0.0,0.0,
2020-01-09,0,0,0,0,,,,0.0,0.0,0.0,
2020-01-10,0,0,0,0,,,,0.0,0.0,0.0,
2020-01-11,0,0,0,0,,,,0.0,0.0,0.0,
2020-01-12,0,0,0,0,,,,0.0,0.0,0.0,
2020-01-13,0,0,0,0,,,,0.0,0.0,0.0,
2020-01-14,0,0,0,0,,,,0.0,0.0,0.0,
2020-01-15,0,0,0,0,,,,0.0,0.0,0.0,
2020-01-16,0,0,0,0,,,,0.0,0.0,0.0,
2020-01-17,0,0,0,0,,,,0.0,0.0,0.0,
2020-01-18,0,0,0,0,,,,0.0,0.0,0.0,
2020-01-19,0,0,0,0,,,,0.0,0.0,0.0,
2020-01-20,0,0,0,0,,,,0.0,0.0,0.0,
2020-01-21,0,0,0,0,,,,0.0,0.0,0.0,
2020-01-22,0,0,0,0,,,,0.0,0.0,0.0,
2020-01-23,0,0,0,0,,,,0.0,0.0,0.0,
2020-01-24,0,0,0,0,,,,0.0,0.0,0.0,
2020-01-25,0,0,0,0,,,,0.0,0.0,0.0,
2020-01-26,0,0,0,0,,,,0.0,0.0,0.0,
2020-01-27,0,0,0,0,,,,0.0,0.0,0.0,
2020-01-28,0,0,0,0,,,,0.0,0.0,0.0,
2020-01-29,0,0,0,0,,,,0.0,0.0,0.0,
2020-01-30,0,0,0,0,,,,0.0,0.0,0.0,
2020-01-31,0,0,0,0,,,,0.0,0.0,0.0,
2020-02-01,0,0,0,0,,,,0.0,0.0,0.0,
2020-02-02,0,0,0,0,,,,0.0,0.0,0.0,
2020-02-03,0,0,0,0,,,,0.0,0.0,0.0,
2020-02-04,0,0,0,0,,,,0.0,0.0,0.0,
2020-02-05,0,0,0,0,,,,0.0,0.0,0.0,
2020-02-06,0,0,0,0,,,,0.0,0.0,0.0,
2020-02-07,0,0,0,0,,,,0.0,0.0,0.0,
2020-02-08,0,0,0,0,,,,0.0,0.0,0.0,
2020-02-09,0,0,0,0,,,,0.0,0.0,0.0,
2020-02-10,0,0,0,0,,,,0.0,0.0,0.0,
2020-02-11,0,0,0,0,,,,0.0,0.0,0.0,
2020-02-12,0,0,0,0,,,,0.0,0.0,0.0,
2020-02-13,0,0,0,0,,,,0.0,0.0,0.0,
2020-02-14,0,0,0,0,,,,0.0,0.0,0.0,
2020-02-15,0,0,0,0,,,,0.0,0.0,0.0,
2020-02-16,0,0,0,0,,,,0.0,0.0,0.0,
2020-02-17,0,0,0,0,,,,0.0,0.0,0.0,
2020-02-18,0,0,0,0,,,,0.0,0.0,0.0,
2020-02-19,0,0,0,0,,,,0.0,0.0,0.0,
2020-02-20,0,0,0,0,,,,0.0,0.0,0.0,
2020-02-21,0,0,0,0,,,,0.0,0.0,0.0,
2020-02-22,0,0,0,0,,,,0.0,0.0,0.0,
2020-02-23,0,0,0,0,,,,0.0,0.0,0.0,
2020-02-24,0,0,0,0,,,,0.0,0.0,0.0,
2020-02-25,0,0,0,0,,,,0.0,0.0,0.0,
2020-02-26,0,0,0,0,,,,0.0,0.0,0.0,
2020-02-27,1,1,0,0,,,,0.096,0.0,0.0,
2020-02-28,3,2,0,0,,,,0.28800000000000003,0.0,0.0,
2020-02-29,4,1,0,0,,,,0.384,0.0,0.0,
2020-03-01,7,3,0,0,,,,0.672,0.0,0.0,
2020-03-02,7,0,0,0,,,,0.672,0.0,0.0,
2020-03-03,0,0,0,0,,,,,,,570.0
2020-03-05,10,3,0,0,,,,0.9590000000000001,0.0,0.0,
2020-03-06,32,22,0,0,,,,3.07,0.0,0.0,
2020-03-07,45,13,0,0,,,,4.317,0.0,0.0,
2020-03-08,66,21,0,0,,,,6.332000000000001,0.0,0.0,
2020-03-09,73,7,0,0,,,,7.004,0.0,0.0,
2020-03-10,84,11,0,0,,,,8.059,0.0,0.0,
2020-03-11,90,6,0,0,,,,8.635,0.0,0.0,
2020-03-12,99,9,1,1,,,,9.498,0.096,0.096,2180.0
2020-03-13,133,34,1,0,,,,12.76,0.096,0.0,2700.0
2020-03-14,190,57,1,0,,,,18.229,0.096,0.0,3400.0
2020-03-15,228,38,3,2,,,,21.875,0.28800000000000003,0.192,4000.0
2020-03-16,331,103,4,1,,,,31.756999999999998,0.384,0.096,4320.0
2020-03-17,352,21,4,0,,,,33.771,0.384,0.0,
2020-03-18,387,35,5,1,,,,37.129,0.48,0.096,6000.0
2020-03-19,418,31,5,0,,,,40.103,0.48,0.0,
2020-03-20,464,46,5,0,,,,44.516999999999996,0.48,0.0,
2020-03-21,495,31,8,3,,,,47.49100000000001,0.768,0.28800000000000003,8000.0
2020-03-22,530,35,13,5,,,,50.849,1.247,0.48,
2020-03-23,624,94,15,2,,,,59.867,1.439,0.192,
2020-03-24,695,71,17,2,,,,66.679,1.631,0.192,
2020-03-25,743,48,20,3,,,,71.28399999999999,1.919,0.28800000000000003,10000.0
2020-03-26,821,78,22,2,,,,78.768,2.1109999999999998,0.192,
2020-03-27,892,71,26,4,,,,85.58,2.494,0.384,13477.0
2020-03-28,966,74,28,2,,,,92.679,2.6860000000000004,0.192,14363.0
2020-03-29,1061,95,32,4,,,,101.794,3.07,0.384,15151.0
2020-03-30,1156,95,38,6,,,,110.90799999999999,3.6460000000000004,0.5760000000000001,15961.0
2020-03-31,1212,56,43,5,,,,116.281,4.125,0.48,16732.0
2020-04-01,1314,102,49,6,,,,126.06700000000001,4.7010000000000005,0.5760000000000001,17350.0
2020-04-02,1375,61,50,1,,,,131.91899999999998,4.797,0.096,18844.0
2020-04-03,1514,139,53,3,,,,145.255,5.085,0.28800000000000003,22437.0
2020-04-04,1613,99,59,6,,,,154.753,5.6610000000000005,0.5760000000000001,
2020-04-05,1673,60,68,9,,,,160.51,6.524,0.863,25453.0
2020-04-06,1735,62,73,5,,,,166.458,7.004,0.48,26193.0
2020-04-07,1755,20,79,6,,,,168.377,7.579,0.5760000000000001,28584.0
2020-04-08,1832,77,81,2,,,,175.764,7.771,0.192,32528.0
2020-04-09,1884,52,83,2,,,,180.753,7.962999999999999,0.192,33634.0
2020-04-10,1955,71,86,3,,,,187.565,8.251,0.28800000000000003,35432.0
2020-04-11,2011,56,90,4,,,,192.938,8.635,0.384,37344.0
2020-04-12,2081,70,93,3,,,,199.65400000000002,8.923,0.28800000000000003,42261.0
2020-04-13,2114,33,98,5,,,,202.82,9.402000000000001,0.48,43417.0
2020-04-14,2145,31,99,1,,,,205.794,9.498,0.096,48798.0
2020-04-15,2170,25,101,2,,,,208.192,9.69,0.192,50771.0
2020-04-16,2192,22,102,1,,,,210.303,9.786,0.096,
2020-04-17,2207,15,105,3,,,,211.74200000000002,10.074,0.28800000000000003,
2020-04-18,2207,0,105,0,,,,211.74200000000002,10.074,0.0,53290.0
2020-04-19,2207,0,105,0,,,,211.74200000000002,10.074,0.0,
2020-04-20,2235,28,110,5,,,,214.428,10.554,0.48,54344.0
2020-04-21,2245,10,116,6,,,,215.388,11.129000000000001,0.5760000000000001,55666.0
2020-04-22,2401,156,121,5,,,,230.355,11.609000000000002,0.48,56944.0
2020-04-23,2408,7,121,0,,,,231.02599999999998,11.609000000000002,0.0,59241.0
2020-04-24,2463,55,125,4,,,,236.303,11.993,0.384,61407.0
2020-04-25,2490,27,130,5,,,,238.893,12.472000000000001,0.48,63087.0
2020-04-26,2506,16,130,0,,,,240.429,12.472000000000001,0.0,64608.0
2020-04-27,2506,0,130,0,,,,240.429,12.472000000000001,0.0,66094.0
2020-04-28,2534,28,136,6,,,,243.115,13.048,0.5760000000000001,69833.0
2020-04-29,2534,0,136,0,,,,243.115,13.048,0.0,72130.0
