Date,Total Cases,New Cases,Total Deaths,New Deaths,Total Recovered,Active Cases,"Serious,Critical",Total Cases/1M people,Total Death/1M people,Total Tests,Tests/1M people
2019-12-31,0,0,0,0,,,,0.0,0.0,0.0,
2020-01-01,0,0,0,0,,,,0.0,0.0,0.0,
2020-01-02,0,0,0,0,,,,0.0,0.0,0.0,
2020-01-03,0,0,0,0,,,,0.0,0.0,0.0,
2020-01-04,0,0,0,0,,,,0.0,0.0,0.0,
2020-01-05,0,0,0,0,,,,0.0,0.0,0.0,
2020-01-06,0,0,0,0,,,,0.0,0.0,0.0,
2020-01-07,0,0,0,0,,,,0.0,0.0,0.0,
2020-01-08,0,0,0,0,,,,0.0,0.0,0.0,
2020-01-09,0,0,0,0,,,,0.0,0.0,0.0,
2020-01-10,0,0,0,0,,,,0.0,0.0,0.0,
2020-01-11,0,0,0,0,,,,0.0,0.0,0.0,
2020-01-12,0,0,0,0,,,,0.0,0.0,0.0,
2020-01-13,0,0,0,0,,,,0.0,0.0,0.0,
2020-01-14,0,0,0,0,,,,0.0,0.0,0.0,
2020-01-15,0,0,0,0,,,,0.0,0.0,0.0,
2020-01-16,0,0,0,0,,,,0.0,0.0,0.0,
2020-01-17,0,0,0,0,,,,0.0,0.0,0.0,
2020-01-18,0,0,0,0,,,,0.0,0.0,0.0,
2020-01-19,0,0,0,0,,,,0.0,0.0,0.0,
2020-01-20,0,0,0,0,,,,0.0,0.0,0.0,
2020-01-21,0,0,0,0,,,,0.0,0.0,0.0,
2020-01-22,0,0,0,0,,,,0.0,0.0,0.0,
2020-01-23,0,0,0,0,,,,0.0,0.0,0.0,
2020-01-24,0,0,0,0,,,,0.0,0.0,0.0,
2020-01-25,0,0,0,0,,,,0.0,0.0,0.0,
2020-01-26,0,0,0,0,,,,0.0,0.0,0.0,
2020-01-27,0,0,0,0,,,,0.0,0.0,0.0,
2020-01-28,0,0,0,0,,,,0.0,0.0,0.0,
2020-01-29,0,0,0,0,,,,0.0,0.0,0.0,
2020-01-30,0,0,0,0,,,,0.0,0.0,0.0,
2020-01-31,0,0,0,0,,,,0.0,0.0,0.0,
2020-02-01,0,0,0,0,,,,0.0,0.0,0.0,
2020-02-02,0,0,0,0,,,,0.0,0.0,0.0,
2020-02-03,0,0,0,0,,,,0.0,0.0,0.0,
2020-02-04,0,0,0,0,,,,0.0,0.0,0.0,
2020-02-05,0,0,0,0,,,,0.0,0.0,0.0,
2020-02-06,0,0,0,0,,,,0.0,0.0,0.0,
2020-02-07,0,0,0,0,,,,0.0,0.0,0.0,
2020-02-08,0,0,0,0,,,,0.0,0.0,0.0,
2020-02-09,0,0,0,0,,,,0.0,0.0,0.0,
2020-02-10,0,0,0,0,,,,0.0,0.0,0.0,
2020-02-11,0,0,0,0,,,,0.0,0.0,0.0,
2020-02-12,0,0,0,0,,,,0.0,0.0,0.0,
2020-02-13,0,0,0,0,,,,0.0,0.0,0.0,
2020-02-14,0,0,0,0,,,,0.0,0.0,0.0,
2020-02-15,0,0,0,0,,,,0.0,0.0,0.0,
2020-02-16,0,0,0,0,,,,0.0,0.0,0.0,
2020-02-17,0,0,0,0,,,,0.0,0.0,0.0,
2020-02-18,0,0,0,0,,,,0.0,0.0,0.0,
2020-02-19,0,0,0,0,,,,0.0,0.0,0.0,
2020-02-20,0,0,0,0,,,,0.0,0.0,0.0,
2020-02-21,0,0,0,0,,,,0.0,0.0,0.0,472.0
2020-02-22,1,1,0,0,,,,0.11599999999999999,0.0,0.0,485.0
2020-02-23,1,0,0,0,,,,0.11599999999999999,0.0,0.0,560.0
2020-02-24,2,1,0,0,,,,0.231,0.0,0.0,618.0
2020-02-25,2,0,0,0,,,,0.231,0.0,0.0,722.0
2020-02-26,2,0,0,0,,,,0.231,0.0,0.0,845.0
2020-02-27,2,0,0,0,,,,0.231,0.0,0.0,979.0
2020-02-28,3,1,0,0,,,,0.34700000000000003,0.0,0.0,1094.0
2020-02-29,7,4,0,0,,,,0.809,0.0,0.0,1252.0
2020-03-01,7,0,0,0,,,,0.809,0.0,0.0,1412.0
2020-03-02,10,3,0,0,,,,1.155,0.0,0.0,1585.0
2020-03-03,0,0,0,0,,,,,,,1808.0
2020-03-04,0,0,0,0,,,,,,,1931.0
2020-03-05,15,5,0,0,,,,1.733,0.0,0.0,2108.0
2020-03-06,17,2,0,0,,,,1.964,0.0,0.0,2410.0
2020-03-07,19,2,0,0,,,,2.195,0.0,0.0,2797.0
2020-03-08,25,6,0,0,,,,2.888,0.0,0.0,3272.0
2020-03-09,39,14,0,0,,,,4.506,0.0,0.0,3860.0
2020-03-10,0,0,0,0,,,,,,,4378.0
2020-03-11,70,31,0,0,,,,8.087,0.0,0.0,4889.0
2020-03-12,82,12,0,0,,,,9.474,0.0,0.0,5611.0
2020-03-13,96,14,0,0,,,,11.091,0.0,0.0,6396.0
2020-03-14,116,20,0,0,,,,13.402000000000001,0.0,0.0,7041.0
2020-03-15,178,62,0,0,,,,20.565,0.0,0.0,8183.0
2020-03-16,250,72,0,0,,,,28.883000000000003,0.0,0.0,9461.0
2020-03-17,260,10,0,0,,,,30.039,0.0,0.0,11596.0
2020-03-18,427,167,0,0,,,,49.333,0.0,0.0,14252.0
2020-03-19,433,6,0,0,,,,50.026,0.0,0.0,16755.0
2020-03-20,677,244,0,0,,,,78.21600000000001,0.0,0.0,19398.0
2020-03-21,712,35,1,1,,,,82.259,0.11599999999999999,0.11599999999999999,21372.0
2020-03-22,883,171,1,0,,,,102.016,0.11599999999999999,0.0,24731.0
2020-03-23,1071,188,1,0,,,,123.736,0.11599999999999999,0.0,28596.0
2020-03-24,1442,371,1,0,,,,166.59799999999998,0.11599999999999999,0.0,33663.0
2020-03-25,1930,488,3,2,,,,222.979,0.34700000000000003,0.231,38903.0
2020-03-26,2369,439,5,2,,,,273.698,0.578,0.231,44458.0
2020-03-27,2666,297,8,3,,,,308.01099999999997,0.924,0.34700000000000003,49472.0
2020-03-28,3035,369,10,2,,,,350.642,1.155,0.231,54433.0
2020-03-29,3619,584,12,2,,,,418.11400000000003,1.386,0.231,60922.0
2020-03-30,4247,628,15,3,,,,490.668,1.733,0.34700000000000003,66603.0
2020-03-31,4473,226,17,2,,,,516.779,1.964,0.231,74454.0
2020-04-01,4916,443,20,3,,,,567.96,2.311,0.34700000000000003,82667.0
2020-04-02,5591,675,21,1,,,,645.945,2.426,0.11599999999999999,91749.0
2020-04-03,6252,661,34,13,,,,722.312,3.928,1.5019999999999998,101652.0
2020-04-04,7428,1176,39,5,,,,858.179,4.506,0.578,108299.0
2020-04-05,8018,590,46,7,,,,926.3430000000001,5.315,0.809,117578.0
2020-04-06,8430,412,49,3,,,,973.943,5.6610000000000005,0.34700000000000003,124828.0
2020-04-07,8904,474,57,8,,,,1028.705,6.585,0.924,131420.0
2020-04-08,9248,344,65,8,,,,1068.4489999999998,7.51,0.924,136993.0
2020-04-09,9404,156,71,6,,,,1086.472,8.203,0.693,142525.0
2020-04-10,9968,564,86,15,,,,1151.632,9.936,1.733,149275.0
2020-04-11,10408,440,95,9,,,,1202.4669999999999,10.975999999999999,1.04,155573.0
2020-04-12,10743,335,101,6,,,,1241.17,11.669,0.693,165116.0
2020-04-13,11145,402,103,2,,,,1287.614,11.9,0.231,175538.0
2020-04-14,11586,441,116,13,,,,1338.565,13.402000000000001,1.5019999999999998,188202.0
2020-04-15,12046,460,123,7,,,,1391.71,14.210999999999999,0.809,197651.0
2020-04-16,12501,455,130,7,,,,1444.277,15.019,0.809,210433.0
2020-04-17,12758,257,142,12,,,,1473.969,16.406,1.386,221214.0
2020-04-18,12982,224,151,9,,,,1499.848,17.445,1.04,231827.0
2020-04-19,13265,283,164,13,,,,1532.5439999999999,18.947,1.5019999999999998,242081.0
2020-04-20,13491,226,172,8,,,,1558.655,19.872,0.924,255423.0
2020-04-21,13713,222,177,5,,,,1584.3029999999999,20.449,0.578,266845.0
2020-04-22,13942,229,184,7,,,,1610.76,21.258000000000003,0.809,278747.0
2020-04-23,14592,650,191,7,,,,1685.856,22.066999999999997,0.809,292608.0
2020-04-24,14882,290,193,2,,,,1719.361,22.298000000000002,0.231,304407.0
2020-04-25,15058,176,194,1,,,,1739.695,22.413,0.11599999999999999,325107.0
2020-04-26,15298,240,199,5,,,,1767.4229999999998,22.991,0.578,333500.0
2020-04-27,15398,100,199,0,,,,1778.976,22.991,0.0,343046.0
2020-04-28,15466,68,202,3,,,,1786.832,23.338,0.34700000000000003,
2020-04-29,15589,123,208,6,,,,1801.043,24.031,0.693,
