Date,Total Cases,New Cases,Total Deaths,New Deaths,Total Recovered,Active Cases,"Serious,Critical",Total Cases/1M people,Total Death/1M people,Total Tests,Tests/1M people
2019-12-31,0,0,0,0,,,,0.0,0.0,0.0,
2020-01-01,0,0,0,0,,,,0.0,0.0,0.0,
2020-01-02,0,0,0,0,,,,0.0,0.0,0.0,
2020-01-03,0,0,0,0,,,,0.0,0.0,0.0,
2020-01-04,0,0,0,0,,,,0.0,0.0,0.0,
2020-01-05,0,0,0,0,,,,0.0,0.0,0.0,
2020-01-06,0,0,0,0,,,,0.0,0.0,0.0,
2020-01-07,0,0,0,0,,,,0.0,0.0,0.0,
2020-01-08,0,0,0,0,,,,0.0,0.0,0.0,
2020-01-09,0,0,0,0,,,,0.0,0.0,0.0,
2020-01-10,0,0,0,0,,,,0.0,0.0,0.0,
2020-01-11,0,0,0,0,,,,0.0,0.0,0.0,
2020-01-12,0,0,0,0,,,,0.0,0.0,0.0,
2020-01-13,0,0,0,0,,,,0.0,0.0,0.0,
2020-01-14,0,0,0,0,,,,0.0,0.0,0.0,
2020-01-15,0,0,0,0,,,,0.0,0.0,0.0,
2020-01-16,0,0,0,0,,,,0.0,0.0,0.0,
2020-01-17,0,0,0,0,,,,0.0,0.0,0.0,
2020-01-18,0,0,0,0,,,,0.0,0.0,0.0,
2020-01-19,0,0,0,0,,,,0.0,0.0,0.0,
2020-01-20,0,0,0,0,,,,0.0,0.0,0.0,
2020-01-21,0,0,0,0,,,,0.0,0.0,0.0,
2020-01-22,0,0,0,0,,,,0.0,0.0,0.0,
2020-01-23,0,0,0,0,,,,0.0,0.0,0.0,
2020-01-24,0,0,0,0,,,,0.0,0.0,0.0,
2020-01-25,0,0,0,0,,,,0.0,0.0,0.0,
2020-01-26,0,0,0,0,,,,0.0,0.0,0.0,
2020-01-27,0,0,0,0,,,,0.0,0.0,0.0,
2020-01-28,0,0,0,0,,,,0.0,0.0,0.0,
2020-01-29,0,0,0,0,,,,0.0,0.0,0.0,
2020-01-30,0,0,0,0,,,,0.0,0.0,0.0,
2020-01-31,0,0,0,0,,,,0.0,0.0,0.0,
2020-02-01,0,0,0,0,,,,0.0,0.0,0.0,
2020-02-02,0,0,0,0,,,,0.0,0.0,0.0,
2020-02-03,0,0,0,0,,,,0.0,0.0,0.0,
2020-02-04,0,0,0,0,,,,0.0,0.0,0.0,
2020-02-05,0,0,0,0,,,,0.0,0.0,0.0,
2020-02-06,0,0,0,0,,,,0.0,0.0,0.0,
2020-02-07,0,0,0,0,,,,0.0,0.0,0.0,
2020-02-08,0,0,0,0,,,,0.0,0.0,0.0,
2020-02-09,0,0,0,0,,,,0.0,0.0,0.0,
2020-02-10,0,0,0,0,,,,0.0,0.0,0.0,
2020-02-11,0,0,0,0,,,,0.0,0.0,0.0,
2020-02-12,0,0,0,0,,,,0.0,0.0,0.0,
2020-02-13,0,0,0,0,,,,0.0,0.0,0.0,
2020-02-14,0,0,0,0,,,,0.0,0.0,0.0,
2020-02-15,0,0,0,0,,,,0.0,0.0,0.0,
2020-02-16,0,0,0,0,,,,0.0,0.0,0.0,
2020-02-17,0,0,0,0,,,,0.0,0.0,0.0,
2020-02-18,0,0,0,0,,,,0.0,0.0,0.0,
2020-02-19,0,0,0,0,,,,0.0,0.0,0.0,
2020-02-20,0,0,0,0,,,,0.0,0.0,0.0,
2020-02-21,0,0,0,0,,,,0.0,0.0,0.0,
2020-02-22,0,0,0,0,,,,0.0,0.0,0.0,
2020-02-23,0,0,0,0,,,,0.0,0.0,0.0,
2020-02-24,3,3,0,0,,,,0.7020000000000001,0.0,0.0,
2020-02-25,5,2,0,0,,,,1.171,0.0,0.0,
2020-02-26,11,6,0,0,,,,2.576,0.0,0.0,
2020-02-27,26,15,0,0,,,,6.087999999999999,0.0,0.0,
2020-02-28,43,17,0,0,,,,10.068999999999999,0.0,0.0,
2020-02-29,45,2,0,0,,,,10.537,0.0,0.0,
2020-03-01,45,0,0,0,,,,10.537,0.0,0.0,
2020-03-02,46,1,0,0,,,,10.770999999999999,0.0,0.0,
2020-03-03,56,10,0,0,,,,13.113,0.0,0.0,
2020-03-06,58,2,0,0,,,,13.581,0.0,0.0,
2020-03-08,61,3,0,0,,,,14.284,0.0,0.0,
2020-03-09,64,3,0,0,,,,14.985999999999999,0.0,0.0,
2020-03-10,65,1,0,0,,,,15.22,0.0,0.0,
2020-03-11,69,4,0,0,,,,16.157,0.0,0.0,
2020-03-12,72,3,0,0,,,,16.86,0.0,0.0,
2020-03-13,80,8,0,0,,,,18.733,0.0,0.0,
2020-03-14,100,20,0,0,,,,23.416,0.0,0.0,
2020-03-15,104,4,0,0,,,,24.353,0.0,0.0,
2020-03-16,112,8,0,0,,,,26.226,0.0,0.0,
2020-03-17,123,11,0,0,,,,28.802,0.0,0.0,
2020-03-18,130,7,0,0,,,,30.441,0.0,0.0,
2020-03-19,142,12,0,0,,,,33.251,0.0,0.0,
2020-03-20,148,6,0,0,,,,34.656,0.0,0.0,
2020-03-21,159,11,0,0,,,,37.232,0.0,0.0,
2020-03-22,176,17,0,0,,,,41.211999999999996,0.0,0.0,
2020-03-23,188,12,0,0,,,,44.022,0.0,0.0,
2020-03-24,189,1,0,0,,,,44.256,0.0,0.0,
2020-03-25,191,2,0,0,,,,44.725,0.0,0.0,
2020-03-26,195,4,0,0,,,,45.661,0.0,0.0,
2020-03-27,208,13,0,0,,,,48.706,0.0,0.0,
2020-03-28,225,17,0,0,,,,52.68600000000001,0.0,0.0,
2020-03-29,235,10,0,0,,,,55.028,0.0,0.0,
2020-03-30,255,20,0,0,,,,59.711000000000006,0.0,0.0,
2020-03-31,266,11,0,0,,,,62.287,0.0,0.0,
2020-04-01,289,23,0,0,,,,67.673,0.0,0.0,
2020-04-02,317,28,0,0,,,,74.229,0.0,0.0,
2020-04-03,342,25,0,0,,,,80.083,0.0,0.0,
2020-04-04,342,0,0,0,,,,80.083,0.0,0.0,
2020-04-05,479,137,1,1,,,,112.163,0.23399999999999999,0.23399999999999999,
2020-04-06,556,77,1,0,,,,130.194,0.23399999999999999,0.0,
2020-04-07,665,109,1,0,,,,155.717,0.23399999999999999,0.0,
2020-04-08,743,78,1,0,,,,173.982,0.23399999999999999,0.0,
2020-04-09,855,112,1,0,,,,200.208,0.23399999999999999,0.0,
2020-04-10,910,55,1,0,,,,213.08700000000002,0.23399999999999999,0.0,
2020-04-11,993,83,1,0,,,,232.52200000000002,0.23399999999999999,0.0,
2020-04-12,1154,161,1,0,,,,270.222,0.23399999999999999,0.0,
2020-04-13,1234,80,1,0,,,,288.955,0.23399999999999999,0.0,
2020-04-14,1300,66,2,1,,,,304.41,0.46799999999999997,0.23399999999999999,
2020-04-15,1355,55,3,1,,,,317.288,0.7020000000000001,0.23399999999999999,
2020-04-16,1405,50,3,0,,,,328.996,0.7020000000000001,0.0,
2020-04-17,1524,119,3,0,,,,356.86199999999997,0.7020000000000001,0.0,
2020-04-18,1658,134,5,2,,,,388.23900000000003,1.171,0.46799999999999997,
2020-04-19,1752,94,6,1,,,,410.25,1.405,0.23399999999999999,
2020-04-20,1915,163,7,1,,,,448.41900000000004,1.639,0.23399999999999999,
2020-04-21,1995,80,9,2,,,,467.152,2.1069999999999998,0.46799999999999997,
2020-04-22,2080,85,11,2,,,,487.055,2.576,0.46799999999999997,
2020-04-23,2248,168,13,2,,,,526.394,3.0439999999999996,0.46799999999999997,
2020-04-24,2399,151,14,1,,,,561.753,3.278,0.23399999999999999,
2020-04-25,2614,215,15,1,,,,612.097,3.512,0.23399999999999999,
2020-04-26,2892,278,19,4,,,,677.194,4.449,0.937,
2020-04-27,3075,183,20,1,,,,720.046,4.683,0.23399999999999999,
2020-04-28,3288,213,22,2,,,,769.922,5.152,0.46799999999999997,
2020-04-29,3440,152,23,1,,,,805.5139999999999,5.386,0.23399999999999999,
