Date,Total Cases,New Cases,Total Deaths,New Deaths,Total Recovered,Active Cases,"Serious,Critical",Total Cases/1M people,Total Death/1M people,Total Tests,Tests/1M people
2019-12-31,0,0,0,0,,,,0.0,0.0,0.0,
2020-01-01,0,0,0,0,,,,0.0,0.0,0.0,
2020-01-02,0,0,0,0,,,,0.0,0.0,0.0,
2020-01-03,0,0,0,0,,,,0.0,0.0,0.0,
2020-01-04,0,0,0,0,,,,0.0,0.0,0.0,
2020-01-05,0,0,0,0,,,,0.0,0.0,0.0,
2020-01-06,0,0,0,0,,,,0.0,0.0,0.0,
2020-01-07,0,0,0,0,,,,0.0,0.0,0.0,
2020-01-08,0,0,0,0,,,,0.0,0.0,0.0,
2020-01-09,0,0,0,0,,,,0.0,0.0,0.0,
2020-01-10,0,0,0,0,,,,0.0,0.0,0.0,
2020-01-11,0,0,0,0,,,,0.0,0.0,0.0,
2020-01-12,0,0,0,0,,,,0.0,0.0,0.0,
2020-01-13,0,0,0,0,,,,0.0,0.0,0.0,
2020-01-14,0,0,0,0,,,,0.0,0.0,0.0,
2020-01-15,0,0,0,0,,,,0.0,0.0,0.0,
2020-01-16,0,0,0,0,,,,0.0,0.0,0.0,
2020-01-17,0,0,0,0,,,,0.0,0.0,0.0,
2020-01-18,0,0,0,0,,,,0.0,0.0,0.0,
2020-01-19,0,0,0,0,,,,0.0,0.0,0.0,
2020-01-20,0,0,0,0,,,,0.0,0.0,0.0,
2020-01-21,0,0,0,0,,,,0.0,0.0,0.0,
2020-01-22,0,0,0,0,,,,0.0,0.0,0.0,
2020-01-23,0,0,0,0,,,,0.0,0.0,0.0,
2020-01-24,0,0,0,0,,,,0.0,0.0,0.0,
2020-01-25,0,0,0,0,,,,0.0,0.0,0.0,
2020-01-26,0,0,0,0,,,,0.0,0.0,0.0,
2020-01-27,0,0,0,0,,,,0.0,0.0,0.0,
2020-01-28,0,0,0,0,,,,0.0,0.0,0.0,
2020-01-29,0,0,0,0,,,,0.0,0.0,0.0,
2020-01-30,1,1,0,0,,,,0.009000000000000001,0.0,0.0,
2020-01-31,1,0,0,0,,,,0.009000000000000001,0.0,0.0,
2020-02-01,1,0,0,0,,,,0.009000000000000001,0.0,0.0,
2020-02-02,2,1,1,1,,,,0.018000000000000002,0.009000000000000001,0.009000000000000001,
2020-02-03,2,0,1,0,,,,0.018000000000000002,0.009000000000000001,0.0,
2020-02-04,2,0,1,0,,,,0.018000000000000002,0.009000000000000001,0.0,
2020-02-05,2,0,1,0,,,,0.018000000000000002,0.009000000000000001,0.0,
2020-02-06,3,1,1,0,,,,0.027000000000000003,0.009000000000000001,0.0,
2020-02-07,3,0,1,0,,,,0.027000000000000003,0.009000000000000001,0.0,
2020-02-08,3,0,1,0,,,,0.027000000000000003,0.009000000000000001,0.0,
2020-02-09,3,0,1,0,,,,0.027000000000000003,0.009000000000000001,0.0,
2020-02-10,3,0,1,0,,,,0.027000000000000003,0.009000000000000001,0.0,
2020-02-11,3,0,1,0,,,,0.027000000000000003,0.009000000000000001,0.0,
2020-02-12,3,0,1,0,,,,0.027000000000000003,0.009000000000000001,0.0,
2020-02-13,3,0,1,0,,,,0.027000000000000003,0.009000000000000001,0.0,
2020-02-14,3,0,1,0,,,,0.027000000000000003,0.009000000000000001,0.0,
2020-02-15,3,0,1,0,,,,0.027000000000000003,0.009000000000000001,0.0,
2020-02-16,3,0,1,0,,,,0.027000000000000003,0.009000000000000001,0.0,
2020-02-17,3,0,1,0,,,,0.027000000000000003,0.009000000000000001,0.0,
2020-02-18,3,0,1,0,,,,0.027000000000000003,0.009000000000000001,0.0,
2020-02-19,3,0,1,0,,,,0.027000000000000003,0.009000000000000001,0.0,
2020-02-20,3,0,1,0,,,,0.027000000000000003,0.009000000000000001,0.0,
2020-02-21,3,0,1,0,,,,0.027000000000000003,0.009000000000000001,0.0,
2020-02-22,3,0,1,0,,,,0.027000000000000003,0.009000000000000001,0.0,
2020-02-23,3,0,1,0,,,,0.027000000000000003,0.009000000000000001,0.0,
2020-02-24,3,0,1,0,,,,0.027000000000000003,0.009000000000000001,0.0,
2020-02-25,3,0,1,0,,,,0.027000000000000003,0.009000000000000001,0.0,
2020-02-26,3,0,1,0,,,,0.027000000000000003,0.009000000000000001,0.0,
2020-02-27,3,0,1,0,,,,0.027000000000000003,0.009000000000000001,0.0,
2020-02-28,3,0,1,0,,,,0.027000000000000003,0.009000000000000001,0.0,
2020-02-29,3,0,1,0,,,,0.027000000000000003,0.009000000000000001,0.0,
2020-03-01,3,0,1,0,,,,0.027000000000000003,0.009000000000000001,0.0,
2020-03-02,3,0,1,0,,,,0.027000000000000003,0.009000000000000001,0.0,
2020-03-07,5,2,1,0,,,,0.046,0.009000000000000001,0.0,
2020-03-08,6,1,1,0,,,,0.055,0.009000000000000001,0.0,
2020-03-09,10,4,1,0,,,,0.091,0.009000000000000001,0.0,
2020-03-10,33,23,1,0,,,,0.301,0.009000000000000001,0.0,
2020-03-11,33,0,1,0,,,,0.301,0.009000000000000001,0.0,
2020-03-12,49,16,2,1,,,,0.447,0.018000000000000002,0.009000000000000001,
2020-03-13,52,3,2,0,,,,0.475,0.018000000000000002,0.0,
2020-03-14,64,12,6,4,,,,0.584,0.055,0.037000000000000005,
2020-03-15,111,47,6,0,,,,1.013,0.055,0.0,
2020-03-16,140,29,12,6,,,,1.278,0.11,0.055,
2020-03-17,142,2,12,0,,,,1.296,0.11,0.0,
2020-03-18,187,45,14,2,,,,1.706,0.128,0.018000000000000002,
2020-03-19,202,15,17,3,,,,1.8430000000000002,0.155,0.027000000000000003,
2020-03-20,230,28,18,1,,,,2.099,0.16399999999999998,0.009000000000000001,
2020-03-21,230,0,18,0,,,,2.099,0.16399999999999998,0.0,
2020-03-22,380,150,25,7,,,,3.468,0.228,0.064,
2020-03-23,380,0,25,0,,,,3.468,0.228,0.0,
2020-03-24,462,82,33,8,,,,4.216,0.301,0.073,
2020-03-25,552,90,35,2,,,,5.037,0.319,0.018000000000000002,
2020-03-26,636,84,38,3,,,,5.803999999999999,0.34700000000000003,0.027000000000000003,
2020-03-27,707,71,45,7,,,,6.452000000000001,0.41100000000000003,0.064,
2020-03-28,803,96,54,9,,,,7.327999999999999,0.493,0.08199999999999999,
2020-03-29,1075,272,68,14,,,,9.81,0.621,0.128,
2020-03-30,1418,343,71,3,,,,12.94,0.648,0.027000000000000003,
2020-03-31,2084,666,88,17,,,,19.018,0.8029999999999999,0.155,
2020-04-01,2084,0,88,0,,,,19.018,0.8029999999999999,0.0,
2020-04-02,2311,227,96,8,,,,21.089000000000002,0.8759999999999999,0.073,
2020-04-03,2633,322,107,11,,,,24.028000000000002,0.976,0.1,
2020-04-04,3018,385,136,29,,,,27.541,1.2409999999999999,0.265,
2020-04-05,3094,76,144,8,,,,28.235,1.314,0.073,
2020-04-06,3246,152,152,8,,,,29.622,1.3869999999999998,0.073,
2020-04-07,3660,414,163,11,,,,33.4,1.4869999999999999,0.1,
2020-04-08,3764,104,177,14,,,,34.349000000000004,1.615,0.128,
2020-04-09,3870,106,182,5,,,,35.316,1.661,0.046,
2020-04-10,4076,206,203,21,,,,37.196,1.8530000000000002,0.192,
2020-04-11,4076,0,203,0,,,,37.196,1.8530000000000002,0.0,33783.0
2020-04-12,4428,352,247,44,,,,40.408,2.254,0.402,
2020-04-13,4648,220,297,50,,,,42.416000000000004,2.71,0.456,38058.0
2020-04-14,4932,284,315,18,,,,45.008,2.875,0.16399999999999998,39898.0
2020-04-15,5223,291,335,20,,,,47.663000000000004,3.057,0.183,42173.0
2020-04-16,5453,230,349,14,,,,49.762,3.185,0.128,
2020-04-17,5660,207,362,13,,,,51.651,3.303,0.11900000000000001,49571.0
2020-04-18,5878,218,387,25,,,,53.641000000000005,3.532,0.228,52792.0
2020-04-19,6087,209,397,10,,,,55.548,3.623,0.091,
2020-04-20,6259,172,409,12,,,,57.118,3.7319999999999998,0.11,
2020-04-21,6459,200,428,19,,,,58.943000000000005,3.906,0.17300000000000001,60944.0
2020-04-22,6599,140,437,9,,,,60.22,3.988,0.08199999999999999,64475.0
2020-04-23,6710,111,446,9,,,,61.233000000000004,4.07,0.08199999999999999,68649.0
2020-04-24,6981,271,462,16,,,,63.706,4.216,0.146,72657.0
2020-04-25,7192,211,477,15,,,,65.632,4.353,0.13699999999999998,75902.0
2020-04-26,7294,102,494,17,,,,66.563,4.508,0.155,
2020-04-27,7579,285,501,7,,,,69.163,4.572,0.064,
2020-04-28,7777,198,511,10,,,,70.97,4.663,0.091,88869.0
2020-04-29,7958,181,530,19,,,,72.622,4.837,0.17300000000000001,
