Date,Total Cases,New Cases,Total Deaths,New Deaths,Total Recovered,Active Cases,"Serious,Critical",Total Cases/1M people,Total Death/1M people,Total Tests,Tests/1M people
2019-12-31,0,0,0,0,,,,0.0,0.0,0.0,
2020-01-01,0,0,0,0,,,,0.0,0.0,0.0,
2020-01-02,0,0,0,0,,,,0.0,0.0,0.0,
2020-01-03,0,0,0,0,,,,0.0,0.0,0.0,
2020-01-04,0,0,0,0,,,,0.0,0.0,0.0,
2020-01-05,0,0,0,0,,,,0.0,0.0,0.0,
2020-01-06,0,0,0,0,,,,0.0,0.0,0.0,
2020-01-07,0,0,0,0,,,,0.0,0.0,0.0,
2020-01-08,0,0,0,0,,,,0.0,0.0,0.0,
2020-01-09,0,0,0,0,,,,0.0,0.0,0.0,
2020-01-10,0,0,0,0,,,,0.0,0.0,0.0,
2020-01-11,0,0,0,0,,,,0.0,0.0,0.0,
2020-01-12,0,0,0,0,,,,0.0,0.0,0.0,
2020-01-13,0,0,0,0,,,,0.0,0.0,0.0,
2020-01-14,0,0,0,0,,,,0.0,0.0,0.0,
2020-01-15,0,0,0,0,,,,0.0,0.0,0.0,
2020-01-16,0,0,0,0,,,,0.0,0.0,0.0,
2020-01-17,0,0,0,0,,,,0.0,0.0,0.0,
2020-01-18,0,0,0,0,,,,0.0,0.0,0.0,
2020-01-19,0,0,0,0,,,,0.0,0.0,0.0,
2020-01-20,0,0,0,0,,,,0.0,0.0,0.0,
2020-01-21,0,0,0,0,,,,0.0,0.0,0.0,
2020-01-22,0,0,0,0,,,,0.0,0.0,0.0,
2020-01-23,0,0,0,0,,,,0.0,0.0,0.0,
2020-01-24,0,0,0,0,,,,0.0,0.0,0.0,
2020-01-25,0,0,0,0,,,,0.0,0.0,0.0,
2020-01-26,0,0,0,0,,,,0.0,0.0,0.0,
2020-01-27,0,0,0,0,,,,0.0,0.0,0.0,
2020-01-28,0,0,0,0,,,,0.0,0.0,0.0,
2020-01-29,0,0,0,0,,,,0.0,0.0,0.0,
2020-01-30,0,0,0,0,,,,0.0,0.0,0.0,
2020-01-31,0,0,0,0,,,,0.0,0.0,0.0,
2020-02-01,0,0,0,0,,,,0.0,0.0,0.0,
2020-02-02,0,0,0,0,,,,0.0,0.0,0.0,
2020-02-03,0,0,0,0,,,,0.0,0.0,0.0,
2020-02-04,0,0,0,0,,,,0.0,0.0,0.0,
2020-02-05,0,0,0,0,,,,0.0,0.0,0.0,
2020-02-06,0,0,0,0,,,,0.0,0.0,0.0,
2020-02-07,0,0,0,0,,,,0.0,0.0,0.0,
2020-02-08,0,0,0,0,,,,0.0,0.0,0.0,
2020-02-09,0,0,0,0,,,,0.0,0.0,0.0,
2020-02-10,0,0,0,0,,,,0.0,0.0,0.0,
2020-02-11,0,0,0,0,,,,0.0,0.0,0.0,
2020-02-12,0,0,0,0,,,,0.0,0.0,0.0,
2020-02-13,0,0,0,0,,,,0.0,0.0,0.0,
2020-02-14,0,0,0,0,,,,0.0,0.0,0.0,
2020-02-15,0,0,0,0,,,,0.0,0.0,0.0,
2020-02-16,0,0,0,0,,,,0.0,0.0,0.0,
2020-02-17,0,0,0,0,,,,0.0,0.0,0.0,
2020-02-18,0,0,0,0,,,,0.0,0.0,0.0,
2020-02-19,0,0,0,0,,,,0.0,0.0,0.0,
2020-02-20,0,0,0,0,,,,0.0,0.0,0.0,
2020-02-21,0,0,0,0,,,,0.0,0.0,0.0,
2020-02-22,0,0,0,0,,,,0.0,0.0,0.0,
2020-02-23,0,0,0,0,,,,0.0,0.0,0.0,
2020-02-24,0,0,0,0,,,,0.0,0.0,0.0,
2020-02-25,0,0,0,0,,,,0.0,0.0,0.0,
2020-02-26,0,0,0,0,,,,0.0,0.0,0.0,
2020-02-27,1,1,0,0,,,,0.052000000000000005,0.0,0.0,
2020-02-28,1,0,0,0,,,,0.052000000000000005,0.0,0.0,
2020-02-29,3,2,0,0,,,,0.156,0.0,0.0,
2020-03-01,3,0,0,0,,,,0.156,0.0,0.0,
2020-03-02,3,0,0,0,,,,0.156,0.0,0.0,
2020-03-04,4,1,0,0,,,,0.20800000000000002,0.0,0.0,
2020-03-06,6,2,0,0,,,,0.312,0.0,0.0,
2020-03-07,7,1,0,0,,,,0.364,0.0,0.0,
2020-03-08,13,6,0,0,,,,0.6759999999999999,0.0,0.0,
2020-03-09,15,2,0,0,,,,0.78,0.0,0.0,
2020-03-10,17,2,0,0,,,,0.884,0.0,0.0,
2020-03-11,25,8,0,0,,,,1.3,0.0,0.0,
2020-03-12,45,20,0,0,,,,2.339,0.0,0.0,1921.0
2020-03-13,64,19,0,0,,,,3.327,0.0,0.0,2545.0
2020-03-14,89,25,0,0,,,,4.626,0.0,0.0,2929.0
2020-03-15,113,24,0,0,,,,5.874,0.0,0.0,3205.0
2020-03-16,139,26,0,0,,,,7.225,0.0,0.0,3708.0
2020-03-17,184,45,0,0,,,,9.565,0.0,0.0,4150.0
2020-03-18,217,33,0,0,,,,11.28,0.0,0.0,4670.0
2020-03-19,260,43,0,0,,,,13.515,0.0,0.0,4973.0
2020-03-20,277,17,0,0,,,,14.399000000000001,0.0,0.0,8284.0
2020-03-21,308,31,0,0,,,,16.01,0.0,0.0,8915.0
2020-03-22,367,59,0,0,,,,19.077,0.0,0.0,9967.0
2020-03-23,433,66,2,2,,,,22.508000000000003,0.10400000000000001,0.10400000000000001,11223.0
2020-03-24,576,143,7,5,,,,29.941,0.364,0.26,12624.0
2020-03-25,762,186,11,4,,,,39.61,0.5720000000000001,0.20800000000000002,14466.0
2020-03-26,906,144,13,2,,,,47.095,0.6759999999999999,0.10400000000000001,15998.0
2020-03-27,1029,123,17,4,,,,53.489,0.884,0.20800000000000002,17453.0
2020-03-28,1292,263,24,7,,,,67.16,1.248,0.364,19663.0
2020-03-29,1452,160,29,5,,,,75.477,1.507,0.26,21460.0
2020-03-30,1760,308,40,11,,,,91.48700000000001,2.079,0.5720000000000001,23103.0
2020-03-31,1952,192,44,4,,,,101.46799999999999,2.287,0.20800000000000002,24654.0
2020-04-01,2245,293,69,25,,,,116.698,3.5869999999999997,1.3,26609.0
2020-04-02,2460,215,85,16,,,,127.874,4.418,0.8320000000000001,28483.0
2020-04-03,2738,278,94,9,,,,142.325,4.886,0.46799999999999997,31657.0
2020-04-04,3183,445,133,39,,,,165.457,6.914,2.0269999999999997,36092.0
2020-04-05,3613,430,141,8,,,,187.808,7.329,0.41600000000000004,38623.0
2020-04-06,3864,251,148,7,,,,200.856,7.693,0.364,40987.0
2020-04-07,4057,193,157,9,,,,210.888,8.161,0.46799999999999997,43578.0
2020-04-08,4417,360,182,25,,,,229.601,9.461,1.3,47207.0
2020-04-09,4761,344,209,27,,,,247.483,10.864,1.403,51802.0
2020-04-10,5202,441,229,20,,,,270.407,11.904000000000002,1.04,55430.0
2020-04-11,5467,265,257,28,,,,284.182,13.359000000000002,1.455,59272.0
2020-04-12,5990,523,282,25,,,,311.368,14.659,1.3,62328.0
2020-04-13,6300,310,306,24,,,,327.482,15.905999999999999,1.248,67204.0
2020-04-14,6633,333,318,12,,,,344.792,16.53,0.624,70097.0
2020-04-15,6879,246,344,26,,,,357.579,17.882,1.3519999999999999,74827.0
2020-04-16,7216,337,372,28,,,,375.097,19.337,1.455,79629.0
2020-04-17,7707,491,387,15,,,,400.62,20.117,0.78,85805.0
2020-04-18,8067,360,400,13,,,,419.333,20.793000000000003,0.6759999999999999,90991.0
2020-04-19,8418,351,417,17,,,,437.579,21.676,0.884,93611.0
2020-04-20,8746,328,434,17,,,,454.629,22.56,0.884,98491.0
2020-04-21,8936,190,451,17,,,,464.505,23.444000000000003,0.884,101552.0
2020-04-22,9242,306,483,32,,,,480.411,25.107,1.663,106357.0
2020-04-23,9710,468,508,25,,,,504.73900000000003,26.406999999999996,1.3,113336.0
2020-04-24,10096,386,527,19,,,,524.803,27.394000000000002,0.988,121602.0
2020-04-25,10417,321,552,25,,,,541.489,28.694000000000003,1.3,126645.0
2020-04-26,10635,218,575,23,,,,552.821,29.889,1.196,136518.0
2020-04-27,11036,401,608,33,,,,573.6659999999999,31.605,1.715,143834.0
2020-04-28,11339,303,631,23,,,,589.4159999999999,32.8,1.196,150309.0
2020-04-29,11616,277,650,19,,,,603.815,33.788000000000004,0.988,
