Date,Total Cases,New Cases,Total Deaths,New Deaths,Total Recovered,Active Cases,"Serious,Critical",Total Cases/1M people,Total Death/1M people,Total Tests,Tests/1M people
2019-12-31,0,0,0,0,,,,0.0,0.0,0.0,
2020-01-01,0,0,0,0,,,,0.0,0.0,0.0,
2020-01-02,0,0,0,0,,,,0.0,0.0,0.0,
2020-01-03,0,0,0,0,,,,0.0,0.0,0.0,
2020-01-04,0,0,0,0,,,,0.0,0.0,0.0,
2020-01-05,0,0,0,0,,,,0.0,0.0,0.0,
2020-01-06,0,0,0,0,,,,0.0,0.0,0.0,
2020-01-07,0,0,0,0,,,,0.0,0.0,0.0,
2020-01-08,0,0,0,0,,,,0.0,0.0,0.0,
2020-01-09,0,0,0,0,,,,0.0,0.0,0.0,
2020-01-10,0,0,0,0,,,,0.0,0.0,0.0,
2020-01-11,0,0,0,0,,,,0.0,0.0,0.0,
2020-01-12,0,0,0,0,,,,0.0,0.0,0.0,
2020-01-13,0,0,0,0,,,,0.0,0.0,0.0,
2020-01-14,0,0,0,0,,,,0.0,0.0,0.0,
2020-01-15,0,0,0,0,,,,0.0,0.0,0.0,
2020-01-16,0,0,0,0,,,,0.0,0.0,0.0,
2020-01-17,0,0,0,0,,,,0.0,0.0,0.0,
2020-01-18,0,0,0,0,,,,0.0,0.0,0.0,
2020-01-19,0,0,0,0,,,,0.0,0.0,0.0,
2020-01-20,0,0,0,0,,,,0.0,0.0,0.0,
2020-01-21,0,0,0,0,,,,0.0,0.0,0.0,
2020-01-22,0,0,0,0,,,,0.0,0.0,0.0,
2020-01-23,0,0,0,0,,,,0.0,0.0,0.0,
2020-01-24,0,0,0,0,,,,0.0,0.0,0.0,
2020-01-25,0,0,0,0,,,,0.0,0.0,0.0,
2020-01-26,0,0,0,0,,,,0.0,0.0,0.0,
2020-01-27,0,0,0,0,,,,0.0,0.0,0.0,
2020-01-28,0,0,0,0,,,,0.0,0.0,0.0,
2020-01-29,0,0,0,0,,,,0.0,0.0,0.0,
2020-01-30,0,0,0,0,,,,0.0,0.0,0.0,
2020-01-31,0,0,0,0,,,,0.0,0.0,0.0,
2020-02-01,2,2,0,0,,,,0.013999999999999999,0.0,0.0,
2020-02-02,2,0,0,0,,,,0.013999999999999999,0.0,0.0,
2020-02-03,2,0,0,0,,,,0.013999999999999999,0.0,0.0,
2020-02-04,2,0,0,0,,,,0.013999999999999999,0.0,0.0,
2020-02-05,2,0,0,0,,,,0.013999999999999999,0.0,0.0,
2020-02-06,2,0,0,0,,,,0.013999999999999999,0.0,0.0,
2020-02-07,2,0,0,0,,,,0.013999999999999999,0.0,0.0,
2020-02-08,2,0,0,0,,,,0.013999999999999999,0.0,0.0,
2020-02-09,2,0,0,0,,,,0.013999999999999999,0.0,0.0,
2020-02-10,2,0,0,0,,,,0.013999999999999999,0.0,0.0,
2020-02-11,2,0,0,0,,,,0.013999999999999999,0.0,0.0,
2020-02-12,2,0,0,0,,,,0.013999999999999999,0.0,0.0,
2020-02-13,2,0,0,0,,,,0.013999999999999999,0.0,0.0,
2020-02-14,2,0,0,0,,,,0.013999999999999999,0.0,0.0,
2020-02-15,2,0,0,0,,,,0.013999999999999999,0.0,0.0,
2020-02-16,2,0,0,0,,,,0.013999999999999999,0.0,0.0,
2020-02-17,2,0,0,0,,,,0.013999999999999999,0.0,0.0,
2020-02-18,2,0,0,0,,,,0.013999999999999999,0.0,0.0,
2020-02-19,2,0,0,0,,,,0.013999999999999999,0.0,0.0,
2020-02-20,2,0,0,0,,,,0.013999999999999999,0.0,0.0,
2020-02-21,2,0,0,0,,,,0.013999999999999999,0.0,0.0,
2020-02-22,2,0,0,0,,,,0.013999999999999999,0.0,0.0,
2020-02-23,2,0,0,0,,,,0.013999999999999999,0.0,0.0,
2020-02-24,2,0,0,0,,,,0.013999999999999999,0.0,0.0,
2020-02-25,2,0,0,0,,,,0.013999999999999999,0.0,0.0,
2020-02-26,2,0,0,0,,,,0.013999999999999999,0.0,0.0,
2020-02-27,2,0,0,0,,,,0.013999999999999999,0.0,0.0,
2020-02-28,2,0,0,0,,,,0.013999999999999999,0.0,0.0,
2020-02-29,2,0,0,0,,,,0.013999999999999999,0.0,0.0,
2020-03-01,2,0,0,0,,,,0.013999999999999999,0.0,0.0,
2020-03-02,2,0,0,0,,,,0.013999999999999999,0.0,0.0,
2020-03-03,3,1,0,0,,,,0.021,0.0,0.0,
2020-03-04,4,1,0,0,,,,0.027000000000000003,0.0,0.0,
2020-03-05,4,0,0,0,,,,0.027000000000000003,0.0,0.0,46414.0
2020-03-06,4,0,0,0,,,,0.027000000000000003,0.0,0.0,51366.0
2020-03-07,10,6,0,0,,,,0.069,0.0,0.0,55688.0
2020-03-08,10,0,0,0,,,,0.069,0.0,0.0,59960.0
2020-03-09,10,0,0,0,,,,0.069,0.0,0.0,63191.0
2020-03-10,10,0,0,0,,,,0.069,0.0,0.0,
2020-03-11,10,0,0,0,,,,0.069,0.0,0.0,70601.0
2020-03-12,25,15,0,0,,,,0.171,0.0,0.0,76963.0
2020-03-13,30,5,0,0,,,,0.20600000000000002,0.0,0.0,
2020-03-14,45,15,0,0,,,,0.308,0.0,0.0,94852.0
2020-03-15,59,14,0,0,,,,0.40399999999999997,0.0,0.0,104883.0
2020-03-16,63,4,0,0,,,,0.43200000000000005,0.0,0.0,109939.0
2020-03-17,93,30,0,0,,,,0.637,0.0,0.0,116061.0
2020-03-18,114,21,0,0,,,,0.7809999999999999,0.0,0.0,122854.0
2020-03-19,147,33,0,0,,,,1.0070000000000001,0.0,0.0,133101.0
2020-03-20,199,52,0,0,,,,1.364,0.0,0.0,143519.0
2020-03-21,253,54,0,0,,,,1.734,0.0,0.0,156016.0
2020-03-22,306,53,0,0,,,,2.097,0.0,0.0,163529.0
2020-03-23,438,132,0,0,,,,3.0010000000000003,0.0,0.0,165772.0
2020-03-24,438,0,0,0,,,,3.0010000000000003,0.0,0.0,185918.0
2020-03-25,495,57,0,0,,,,3.392,0.0,0.0,192824.0
2020-03-26,658,163,0,0,,,,4.5089999999999995,0.0,0.0,197251.0
2020-03-27,840,182,2,2,,,,5.756,0.013999999999999999,0.013999999999999999,223509.0
2020-03-28,1036,196,4,2,,,,7.099,0.027000000000000003,0.013999999999999999,243377.0
2020-03-29,1264,228,5,1,,,,8.661,0.034,0.006999999999999999,263888.0
2020-03-30,1534,270,8,3,,,,10.512,0.055,0.021,343523.0
2020-03-31,1836,302,10,2,,,,12.581,0.069,0.013999999999999999,
2020-04-01,2337,501,17,7,,,,16.014,0.11599999999999999,0.048,406500.0
2020-04-02,2777,440,24,7,,,,19.029,0.16399999999999998,0.048,536000.0
2020-04-03,3548,771,30,6,,,,24.311999999999998,0.20600000000000002,0.040999999999999995,575103.0
2020-04-04,4149,601,34,4,,,,28.430999999999997,0.233,0.027000000000000003,639606.0
2020-04-05,4731,582,43,9,,,,32.419000000000004,0.295,0.062,697004.0
2020-04-06,5389,658,45,2,,,,36.928000000000004,0.308,0.013999999999999999,758401.0
2020-04-07,6343,954,47,2,,,,43.465,0.322,0.013999999999999999,795523.0
2020-04-08,7497,1154,58,11,,,,51.372,0.397,0.075,910221.0
2020-04-09,8672,1175,63,5,,,,59.424,0.43200000000000005,0.034,1004719.0
2020-04-10,10131,1459,76,13,,,,69.422,0.521,0.08900000000000001,1092811.0
2020-04-11,11917,1786,94,18,,,,81.66,0.644,0.12300000000000001,1184442.0
2020-04-12,13584,1667,106,12,,,,93.083,0.726,0.08199999999999999,1278747.0
2020-04-13,15770,2186,130,24,,,,108.06200000000001,0.8909999999999999,0.16399999999999998,1359993.0
2020-04-14,18328,2558,148,18,,,,125.59100000000001,1.014,0.12300000000000001,1426014.0
2020-04-15,21102,2774,170,22,,,,144.599,1.165,0.151,1517992.0
2020-04-16,24490,3388,198,28,,,,167.815,1.357,0.192,1613413.0
2020-04-17,27938,3448,232,34,,,,191.442,1.59,0.233,1718019.0
2020-04-18,32008,4070,273,41,,,,219.331,1.871,0.281,1831892.0
2020-04-19,36793,4785,313,40,,,,252.12,2.145,0.27399999999999997,1949813.0
2020-04-20,42853,6060,361,48,,,,293.64599999999996,2.474,0.32899999999999996,2053319.0
2020-04-21,47121,4268,405,44,,,,322.892,2.775,0.302,2142604.0
2020-04-22,52763,5642,456,51,,,,361.55300000000005,3.125,0.349,2252539.0
2020-04-23,57999,5236,513,57,,,,397.43199999999996,3.515,0.391,2401616.0
2020-04-24,62773,4774,555,42,,,,430.145,3.803,0.28800000000000003,2552000.0
2020-04-25,68622,5849,615,60,,,,470.225,4.2139999999999995,0.41100000000000003,2721500.0
2020-04-26,74588,5966,681,66,,,,511.106,4.666,0.452,2877699.0
2020-04-27,80949,6361,747,66,,,,554.694,5.119,0.452,3019434.0
2020-04-28,87147,6198,795,48,,,,597.165,5.4479999999999995,0.32899999999999996,3139258.0
2020-04-29,93558,6411,867,72,,,,641.096,5.941,0.493,3303717.0
