Date,Total Cases,New Cases,Total Deaths,New Deaths,Total Recovered,Active Cases,"Serious,Critical",Total Cases/1M people,Total Death/1M people,Total Tests,Tests/1M people
2019-12-31,0,0,0,0,,,,0.0,0.0,0.0,
2020-01-01,0,0,0,0,,,,0.0,0.0,0.0,
2020-01-02,0,0,0,0,,,,0.0,0.0,0.0,
2020-01-03,0,0,0,0,,,,0.0,0.0,0.0,
2020-01-04,0,0,0,0,,,,0.0,0.0,0.0,
2020-01-05,0,0,0,0,,,,0.0,0.0,0.0,
2020-01-06,0,0,0,0,,,,0.0,0.0,0.0,
2020-01-07,0,0,0,0,,,,0.0,0.0,0.0,
2020-01-08,0,0,0,0,,,,0.0,0.0,0.0,
2020-01-09,0,0,0,0,,,,0.0,0.0,0.0,
2020-01-10,0,0,0,0,,,,0.0,0.0,0.0,
2020-01-11,0,0,0,0,,,,0.0,0.0,0.0,
2020-01-12,0,0,0,0,,,,0.0,0.0,0.0,
2020-01-13,0,0,0,0,,,,0.0,0.0,0.0,
2020-01-14,0,0,0,0,,,,0.0,0.0,0.0,
2020-01-15,0,0,0,0,,,,0.0,0.0,0.0,
2020-01-16,0,0,0,0,,,,0.0,0.0,0.0,
2020-01-17,0,0,0,0,,,,0.0,0.0,0.0,
2020-01-18,0,0,0,0,,,,0.0,0.0,0.0,
2020-01-19,0,0,0,0,,,,0.0,0.0,0.0,
2020-01-20,0,0,0,0,,,,0.0,0.0,0.0,
2020-01-21,0,0,0,0,,,,0.0,0.0,0.0,
2020-01-22,0,0,0,0,,,,0.0,0.0,0.0,
2020-01-23,0,0,0,0,,,,0.0,0.0,0.0,
2020-01-24,0,0,0,0,,,,0.0,0.0,0.0,
2020-01-25,0,0,0,0,,,,0.0,0.0,0.0,
2020-01-26,0,0,0,0,,,,0.0,0.0,0.0,
2020-01-27,0,0,0,0,,,,0.0,0.0,0.0,
2020-01-28,1,1,0,0,,,,0.047,0.0,0.0,
2020-01-29,1,0,0,0,,,,0.047,0.0,0.0,
2020-01-30,1,0,0,0,,,,0.047,0.0,0.0,
2020-01-31,1,0,0,0,,,,0.047,0.0,0.0,
2020-02-01,1,0,0,0,,,,0.047,0.0,0.0,
2020-02-02,1,0,0,0,,,,0.047,0.0,0.0,
2020-02-03,1,0,0,0,,,,0.047,0.0,0.0,
2020-02-04,1,0,0,0,,,,0.047,0.0,0.0,
2020-02-05,1,0,0,0,,,,0.047,0.0,0.0,
2020-02-06,1,0,0,0,,,,0.047,0.0,0.0,
2020-02-07,1,0,0,0,,,,0.047,0.0,0.0,
2020-02-08,1,0,0,0,,,,0.047,0.0,0.0,
2020-02-09,1,0,0,0,,,,0.047,0.0,0.0,
2020-02-10,1,0,0,0,,,,0.047,0.0,0.0,
2020-02-11,1,0,0,0,,,,0.047,0.0,0.0,
2020-02-12,1,0,0,0,,,,0.047,0.0,0.0,
2020-02-13,1,0,0,0,,,,0.047,0.0,0.0,
2020-02-14,1,0,0,0,,,,0.047,0.0,0.0,
2020-02-15,1,0,0,0,,,,0.047,0.0,0.0,
2020-02-16,1,0,0,0,,,,0.047,0.0,0.0,
2020-02-17,1,0,0,0,,,,0.047,0.0,0.0,
2020-02-18,1,0,0,0,,,,0.047,0.0,0.0,
2020-02-19,1,0,0,0,,,,0.047,0.0,0.0,
2020-02-20,1,0,0,0,,,,0.047,0.0,0.0,
2020-02-21,1,0,0,0,,,,0.047,0.0,0.0,
2020-02-22,1,0,0,0,,,,0.047,0.0,0.0,
2020-02-23,1,0,0,0,,,,0.047,0.0,0.0,
2020-02-24,1,0,0,0,,,,0.047,0.0,0.0,
2020-02-25,1,0,0,0,,,,0.047,0.0,0.0,
2020-02-26,1,0,0,0,,,,0.047,0.0,0.0,
2020-02-27,1,0,0,0,,,,0.047,0.0,0.0,
2020-02-28,1,0,0,0,,,,0.047,0.0,0.0,
2020-02-29,1,0,0,0,,,,0.047,0.0,0.0,
2020-03-01,1,0,0,0,,,,0.047,0.0,0.0,
2020-03-02,1,0,0,0,,,,0.047,0.0,0.0,
2020-03-12,2,1,0,0,,,,0.09300000000000001,0.0,0.0,
2020-03-13,3,1,0,0,,,,0.14,0.0,0.0,
2020-03-14,6,3,0,0,,,,0.28,0.0,0.0,
2020-03-15,11,5,0,0,,,,0.514,0.0,0.0,
2020-03-16,19,8,0,0,,,,0.887,0.0,0.0,
2020-03-17,29,10,0,0,,,,1.354,0.0,0.0,
2020-03-18,42,13,0,0,,,,1.9609999999999999,0.0,0.0,
2020-03-19,42,0,0,0,,,,1.9609999999999999,0.0,0.0,
2020-03-20,53,11,0,0,,,,2.475,0.0,0.0,
2020-03-21,66,13,0,0,,,,3.082,0.0,0.0,
2020-03-22,78,12,0,0,,,,3.6430000000000002,0.0,0.0,
2020-03-23,87,9,0,0,,,,4.063,0.0,0.0,
2020-03-24,97,10,0,0,,,,4.53,0.0,0.0,
2020-03-25,102,5,0,0,,,,4.763,0.0,0.0,
2020-03-26,102,0,0,0,,,,4.763,0.0,0.0,
2020-03-27,106,4,0,0,,,,4.95,0.0,0.0,
2020-03-28,106,0,0,0,,,,4.95,0.0,0.0,
2020-03-29,115,9,1,1,,,,5.371,0.047,0.047,
2020-03-30,120,5,1,0,,,,5.604,0.047,0.0,
2020-03-31,120,0,1,0,,,,5.604,0.047,0.0,
2020-04-01,122,2,2,1,,,,5.697,0.09300000000000001,0.047,
2020-04-02,143,21,2,0,,,,6.678,0.09300000000000001,0.0,
2020-04-03,148,5,3,1,,,,6.912000000000001,0.14,0.047,
2020-04-04,151,3,4,1,,,,7.0520000000000005,0.187,0.047,
2020-04-05,159,8,5,1,,,,7.425,0.23399999999999999,0.047,
2020-04-06,166,7,5,0,,,,7.752000000000001,0.23399999999999999,0.0,
2020-04-07,178,12,5,0,,,,8.312999999999999,0.23399999999999999,0.0,
2020-04-08,185,7,6,1,,,,8.64,0.28,0.047,
2020-04-09,189,4,7,1,,,,8.826,0.327,0.047,
2020-04-10,190,1,7,0,,,,8.873,0.327,0.0,
2020-04-11,197,7,7,0,,,,9.2,0.327,0.0,
2020-04-12,199,2,7,0,,,,9.293,0.327,0.0,
2020-04-13,210,11,7,0,,,,9.807,0.327,0.0,
2020-04-14,218,8,7,0,,,,10.181000000000001,0.327,0.0,
2020-04-15,233,15,7,0,,,,10.880999999999998,0.327,0.0,
2020-04-16,237,4,7,0,,,,11.068,0.327,0.0,
2020-04-17,238,1,7,0,,,,11.115,0.327,0.0,
2020-04-18,244,6,7,0,,,,11.395,0.327,0.0,
2020-04-19,254,10,7,0,,,,11.862,0.327,0.0,
2020-04-20,295,41,7,0,,,,13.777000000000001,0.327,0.0,
2020-04-21,304,9,7,0,,,,14.197000000000001,0.327,0.0,
2020-04-22,310,6,7,0,,,,14.477,0.327,0.0,
2020-04-23,330,20,7,0,,,,15.411,0.327,0.0,
2020-04-24,368,38,7,0,,,,17.186,0.327,0.0,
2020-04-25,420,52,7,0,,,,19.614,0.327,0.0,
2020-04-26,462,42,7,0,,,,21.575,0.327,0.0,
2020-04-27,523,61,7,0,,,,24.424,0.327,0.0,
2020-04-28,588,65,7,0,,,,27.46,0.327,0.0,
2020-04-29,619,31,7,0,,,,28.906999999999996,0.327,0.0,
