Date,Total Cases,New Cases,Total Deaths,New Deaths,Total Recovered,Active Cases,"Serious,Critical",Total Cases/1M people,Total Death/1M people,Total Tests,Tests/1M people
2019-12-31,0,0,0,0,,,,0.0,0.0,0.0,
2020-01-01,0,0,0,0,,,,0.0,0.0,0.0,
2020-01-02,0,0,0,0,,,,0.0,0.0,0.0,
2020-01-03,0,0,0,0,,,,0.0,0.0,0.0,
2020-01-04,0,0,0,0,,,,0.0,0.0,0.0,
2020-01-05,0,0,0,0,,,,0.0,0.0,0.0,
2020-01-06,0,0,0,0,,,,0.0,0.0,0.0,
2020-01-07,0,0,0,0,,,,0.0,0.0,0.0,
2020-01-08,0,0,0,0,,,,0.0,0.0,0.0,
2020-01-09,0,0,0,0,,,,0.0,0.0,0.0,
2020-01-10,0,0,0,0,,,,0.0,0.0,0.0,
2020-01-11,0,0,0,0,,,,0.0,0.0,0.0,
2020-01-12,0,0,0,0,,,,0.0,0.0,0.0,
2020-01-13,0,0,0,0,,,,0.0,0.0,0.0,
2020-01-14,0,0,0,0,,,,0.0,0.0,0.0,
2020-01-15,0,0,0,0,,,,0.0,0.0,0.0,
2020-01-16,0,0,0,0,,,,0.0,0.0,0.0,
2020-01-17,0,0,0,0,,,,0.0,0.0,0.0,
2020-01-18,0,0,0,0,,,,0.0,0.0,0.0,
2020-01-19,0,0,0,0,,,,0.0,0.0,0.0,
2020-01-20,0,0,0,0,,,,0.0,0.0,0.0,
2020-01-21,0,0,0,0,,,,0.0,0.0,0.0,
2020-01-22,0,0,0,0,,,,0.0,0.0,0.0,
2020-01-23,0,0,0,0,,,,0.0,0.0,0.0,
2020-01-24,0,0,0,0,,,,0.0,0.0,0.0,
2020-01-25,0,0,0,0,,,,0.0,0.0,0.0,
2020-01-26,0,0,0,0,,,,0.0,0.0,0.0,
2020-01-27,0,0,0,0,,,,0.0,0.0,0.0,
2020-01-28,0,0,0,0,,,,0.0,0.0,0.0,
2020-01-29,0,0,0,0,,,,0.0,0.0,0.0,
2020-01-30,0,0,0,0,,,,0.0,0.0,0.0,
2020-01-31,0,0,0,0,,,,0.0,0.0,0.0,
2020-02-01,1,1,0,0,,,,0.099,0.0,0.0,
2020-02-02,1,0,0,0,,,,0.099,0.0,0.0,
2020-02-03,1,0,0,0,,,,0.099,0.0,0.0,
2020-02-04,1,0,0,0,,,,0.099,0.0,0.0,
2020-02-05,1,0,0,0,,,,0.099,0.0,0.0,
2020-02-06,1,0,0,0,,,,0.099,0.0,0.0,
2020-02-07,1,0,0,0,,,,0.099,0.0,0.0,
2020-02-08,1,0,0,0,,,,0.099,0.0,0.0,
2020-02-09,1,0,0,0,,,,0.099,0.0,0.0,
2020-02-10,1,0,0,0,,,,0.099,0.0,0.0,
2020-02-11,1,0,0,0,,,,0.099,0.0,0.0,
2020-02-12,1,0,0,0,,,,0.099,0.0,0.0,
2020-02-13,1,0,0,0,,,,0.099,0.0,0.0,
2020-02-14,1,0,0,0,,,,0.099,0.0,0.0,
2020-02-15,1,0,0,0,,,,0.099,0.0,0.0,
2020-02-16,1,0,0,0,,,,0.099,0.0,0.0,
2020-02-17,1,0,0,0,,,,0.099,0.0,0.0,
2020-02-18,1,0,0,0,,,,0.099,0.0,0.0,
2020-02-19,1,0,0,0,,,,0.099,0.0,0.0,
2020-02-20,1,0,0,0,,,,0.099,0.0,0.0,
2020-02-21,1,0,0,0,,,,0.099,0.0,0.0,
2020-02-22,1,0,0,0,,,,0.099,0.0,0.0,
2020-02-23,1,0,0,0,,,,0.099,0.0,0.0,
2020-02-24,1,0,0,0,,,,0.099,0.0,0.0,
2020-02-25,1,0,0,0,,,,0.099,0.0,0.0,
2020-02-26,1,0,0,0,,,,0.099,0.0,0.0,
2020-02-27,2,1,0,0,,,,0.198,0.0,0.0,
2020-02-28,7,5,0,0,,,,0.693,0.0,0.0,
2020-02-29,12,5,0,0,,,,1.188,0.0,0.0,
2020-03-01,13,1,0,0,,,,1.287,0.0,0.0,1400.0
2020-03-02,14,1,0,0,,,,1.386,0.0,0.0,
2020-03-03,15,1,0,0,,,,1.485,0.0,0.0,
2020-03-04,24,9,0,0,,,,2.376,0.0,0.0,
2020-03-05,35,11,0,0,,,,3.466,0.0,0.0,
2020-03-06,61,26,0,0,,,,6.04,0.0,0.0,
2020-03-07,137,76,0,0,,,,13.565,0.0,0.0,
2020-03-08,161,24,0,0,,,,15.942,0.0,0.0,5700.0
2020-03-09,203,42,0,0,,,,20.1,0.0,0.0,
2020-03-10,248,45,0,0,,,,24.555999999999997,0.0,0.0,
2020-03-11,326,78,0,0,,,,32.28,0.0,0.0,
2020-03-12,462,136,1,1,,,,45.746,0.099,0.099,
2020-03-13,620,158,1,0,,,,61.391000000000005,0.099,0.0,
2020-03-14,775,155,1,0,,,,76.738,0.099,0.0,
2020-03-15,924,149,1,0,,,,91.492,0.099,0.0,14700.0
2020-03-16,1032,108,3,2,,,,102.186,0.297,0.198,
2020-03-17,1121,89,7,4,,,,110.99799999999999,0.693,0.396,
2020-03-18,1167,46,8,1,,,,115.553,0.792,0.099,
2020-03-19,1301,134,10,2,,,,128.821,0.99,0.198,
2020-03-20,1423,122,10,0,,,,140.901,0.99,0.0,
2020-03-21,1623,200,16,6,,,,160.705,1.584,0.594,
2020-03-22,1746,123,20,4,,,,172.88400000000001,1.98,0.396,25000.0
2020-03-23,1906,160,21,1,,,,188.727,2.079,0.099,
2020-03-24,2016,110,25,4,,,,199.618,2.475,0.396,
2020-03-25,2272,256,36,11,,,,224.967,3.565,1.089,
2020-03-26,2510,238,42,6,,,,248.533,4.159,0.594,
2020-03-27,2806,296,66,24,,,,277.842,6.535,2.376,
2020-03-28,3046,240,92,26,,,,301.606,9.11,2.574,
2020-03-29,3447,401,102,10,,,,341.31199999999995,10.1,0.99,37300.0
2020-03-30,3700,253,110,8,,,,366.36300000000006,10.892000000000001,0.792,
2020-03-31,4028,328,146,36,,,,398.841,14.456,3.565,
2020-04-01,4435,407,180,34,,,,439.14099999999996,17.823,3.367,
2020-04-02,4947,512,239,59,,,,489.837,23.665,5.8420000000000005,
2020-04-03,5466,519,282,43,,,,541.227,27.923000000000002,4.258,
2020-04-04,6078,612,333,51,,,,601.826,32.973,5.05,
2020-04-05,6443,365,373,40,,,,637.967,36.933,3.9610000000000003,55000.0
2020-04-06,6830,387,401,28,,,,676.2869999999999,39.705999999999996,2.772,
2020-04-07,7206,376,477,76,,,,713.5169999999999,47.231,7.525,
2020-04-08,7693,487,591,114,,,,761.738,58.519,11.288,
2020-04-09,8419,726,687,96,,,,833.625,68.025,9.506,
2020-04-10,9141,722,793,106,,,,905.115,78.521,10.495999999999999,
2020-04-11,9685,544,870,77,,,,958.98,86.145,7.624,
2020-04-12,10151,466,887,17,,,,1005.122,87.82799999999999,1.683,74900.0
2020-04-13,10483,332,899,12,,,,1037.996,89.016,1.188,
2020-04-14,10948,465,919,20,,,,1084.039,90.99700000000001,1.98,
2020-04-15,11445,497,1033,114,,,,1133.25,102.285,11.288,
2020-04-16,11927,482,1203,170,,,,1180.976,119.118,16.833,
2020-04-17,12540,613,1333,130,,,,1241.674,131.99,12.872,
2020-04-18,13216,676,1400,67,,,,1308.609,138.624,6.6339999999999995,
2020-04-19,13822,606,1511,111,,,,1368.614,149.615,10.991,94900.0
2020-04-20,14385,563,1540,29,,,,1424.36,152.486,2.8710000000000004,
2020-04-21,14777,392,1580,40,,,,1463.175,156.447,3.9610000000000003,
2020-04-22,15322,545,1765,185,,,,1517.139,174.765,18.317999999999998,
2020-04-23,16004,682,1937,172,,,,1584.6689999999999,191.796,17.031,
2020-04-24,16755,751,2021,84,,,,1659.031,200.113,8.317,
2020-04-25,17567,812,2152,131,,,,1739.433,213.085,12.970999999999998,
2020-04-26,18177,610,2192,40,,,,1799.8329999999999,217.045,3.9610000000000003,119200.0
2020-04-27,18640,463,2194,2,,,,1845.6779999999999,217.243,0.198,
2020-04-28,18926,286,2274,80,,,,1873.997,225.165,7.921,
2020-04-29,19621,695,2355,81,,,,1942.8139999999999,233.185,8.02,
