Date,Countries,Total Cases,New Cases,Total Deaths,New Deaths,Total Recovered,Active Cases,"Serious,Critical",Total Cases/1M people,Total Death/1M people,Total Tests,Tests/1M people,Continent
2019-12-31,Thailand,0,0,0,0,,,,0.0,0.0,0.0,,
2020-01-01,Thailand,0,0,0,0,,,,0.0,0.0,0.0,,
2020-01-02,Thailand,0,0,0,0,,,,0.0,0.0,0.0,,
2020-01-03,Thailand,0,0,0,0,,,,0.0,0.0,0.0,,
2020-01-04,Thailand,0,0,0,0,,,,0.0,0.0,0.0,,
2020-01-05,Thailand,0,0,0,0,,,,0.0,0.0,0.0,,
2020-01-06,Thailand,0,0,0,0,,,,0.0,0.0,0.0,,
2020-01-07,Thailand,0,0,0,0,,,,0.0,0.0,0.0,,
2020-01-08,Thailand,0,0,0,0,,,,0.0,0.0,0.0,,
2020-01-09,Thailand,0,0,0,0,,,,0.0,0.0,0.0,,
2020-01-10,Thailand,0,0,0,0,,,,0.0,0.0,0.0,,
2020-01-11,Thailand,0,0,0,0,,,,0.0,0.0,0.0,,
2020-01-12,Thailand,0,0,0,0,,,,0.0,0.0,0.0,,
2020-01-13,Thailand,1,1,0,0,,,,0.013999999999999999,0.0,0.0,,
2020-01-14,Thailand,1,0,0,0,,,,0.013999999999999999,0.0,0.0,,
2020-01-15,Thailand,1,0,0,0,,,,0.013999999999999999,0.0,0.0,,
2020-01-16,Thailand,1,0,0,0,,,,0.013999999999999999,0.0,0.0,,
2020-01-17,Thailand,2,1,0,0,,,,0.028999999999999998,0.0,0.0,,
2020-01-18,Thailand,2,0,0,0,,,,0.028999999999999998,0.0,0.0,,
2020-01-19,Thailand,2,0,0,0,,,,0.028999999999999998,0.0,0.0,,
2020-01-20,Thailand,2,0,0,0,,,,0.028999999999999998,0.0,0.0,,
2020-01-21,Thailand,2,0,0,0,,,,0.028999999999999998,0.0,0.0,,
2020-01-22,Thailand,4,2,0,0,,,,0.057,0.0,0.0,,
2020-01-23,Thailand,4,0,0,0,,,,0.057,0.0,0.0,,
2020-01-24,Thailand,4,0,0,0,,,,0.057,0.0,0.0,,
2020-01-25,Thailand,5,1,0,0,,,,0.07200000000000001,0.0,0.0,,
2020-01-26,Thailand,5,0,0,0,,,,0.07200000000000001,0.0,0.0,,
2020-01-27,Thailand,8,3,0,0,,,,0.115,0.0,0.0,,
2020-01-28,Thailand,14,6,0,0,,,,0.201,0.0,0.0,,
2020-01-29,Thailand,14,0,0,0,,,,0.201,0.0,0.0,,
2020-01-30,Thailand,14,0,0,0,,,,0.201,0.0,0.0,,
2020-01-31,Thailand,14,0,0,0,,,,0.201,0.0,0.0,,
2020-02-01,Thailand,19,5,0,0,,,,0.272,0.0,0.0,,
2020-02-02,Thailand,19,0,0,0,,,,0.272,0.0,0.0,,
2020-02-03,Thailand,19,0,0,0,,,,0.272,0.0,0.0,,
2020-02-04,Thailand,19,0,0,0,,,,0.272,0.0,0.0,,
2020-02-05,Thailand,25,6,0,0,,,,0.358,0.0,0.0,,
2020-02-06,Thailand,25,0,0,0,,,,0.358,0.0,0.0,,
2020-02-07,Thailand,25,0,0,0,,,,0.358,0.0,0.0,,
2020-02-08,Thailand,32,7,0,0,,,,0.45799999999999996,0.0,0.0,,
2020-02-09,Thailand,32,0,0,0,,,,0.45799999999999996,0.0,0.0,,
2020-02-10,Thailand,32,0,0,0,,,,0.45799999999999996,0.0,0.0,,
2020-02-11,Thailand,32,0,0,0,,,,0.45799999999999996,0.0,0.0,,
2020-02-12,Thailand,33,1,0,0,,,,0.473,0.0,0.0,,
2020-02-13,Thailand,33,0,0,0,,,,0.473,0.0,0.0,,
2020-02-14,Thailand,33,0,0,0,,,,0.473,0.0,0.0,,
2020-02-15,Thailand,34,1,0,0,,,,0.48700000000000004,0.0,0.0,,
2020-02-16,Thailand,34,0,0,0,,,,0.48700000000000004,0.0,0.0,,
2020-02-17,Thailand,34,0,0,0,,,,0.48700000000000004,0.0,0.0,,
2020-02-18,Thailand,35,1,0,0,,,,0.501,0.0,0.0,,
2020-02-19,Thailand,35,0,0,0,,,,0.501,0.0,0.0,,
2020-02-20,Thailand,35,0,0,0,,,,0.501,0.0,0.0,,
2020-02-21,Thailand,35,0,0,0,,,,0.501,0.0,0.0,,
2020-02-22,Thailand,35,0,0,0,,,,0.501,0.0,0.0,,
2020-02-23,Thailand,35,0,0,0,,,,0.501,0.0,0.0,,
2020-02-24,Thailand,35,0,0,0,,,,0.501,0.0,0.0,,
2020-02-25,Thailand,37,2,0,0,,,,0.53,0.0,0.0,,
2020-02-26,Thailand,40,3,0,0,,,,0.573,0.0,0.0,,
2020-02-27,Thailand,40,0,0,0,,,,0.573,0.0,0.0,,
2020-02-28,Thailand,40,0,0,0,,,,0.573,0.0,0.0,,
2020-02-29,Thailand,42,2,0,0,,,,0.602,0.0,0.0,,
2020-03-01,Thailand,42,0,1,1,,,,0.602,0.013999999999999999,0.013999999999999999,,
2020-03-02,Thailand,43,1,1,0,,,,0.616,0.013999999999999999,0.0,,
2020-03-03,Thailand,0,0,0,0,,,,,,,3680.0,
2020-03-04,Thailand,0,0,0,0,,,,,,,3895.0,
2020-03-05,Thailand,47,4,1,0,,,,0.6729999999999999,0.013999999999999999,0.0,4023.0,
2020-03-06,Thailand,0,0,0,0,,,,,,,4234.0,
2020-03-07,Thailand,50,3,1,0,,,,0.716,0.013999999999999999,0.0,4366.0,
2020-03-08,Thailand,0,0,0,0,,,,,,,4518.0,
2020-03-09,Thailand,0,0,0,0,,,,,,,4682.0,
2020-03-10,Thailand,0,0,0,0,,,,,,,4848.0,
2020-03-11,Thailand,59,9,1,0,,,,0.845,0.013999999999999999,0.0,5232.0,
2020-03-12,Thailand,70,11,1,0,,,,1.003,0.013999999999999999,0.0,5496.0,
2020-03-13,Thailand,0,0,0,0,,,,,,,5713.0,
2020-03-14,Thailand,82,12,1,0,,,,1.175,0.013999999999999999,0.0,,
2020-03-15,Thailand,82,0,1,0,,,,1.175,0.013999999999999999,0.0,6545.0,
2020-03-16,Thailand,114,32,1,0,,,,1.633,0.013999999999999999,0.0,7045.0,
2020-03-17,Thailand,177,63,1,0,,,,2.536,0.013999999999999999,0.0,,
2020-03-18,Thailand,177,0,1,0,,,,2.536,0.013999999999999999,0.0,8157.0,
2020-03-19,Thailand,177,0,1,0,,,,2.536,0.013999999999999999,0.0,8729.0,
2020-03-20,Thailand,212,35,1,0,,,,3.037,0.013999999999999999,0.0,9670.0,
2020-03-21,Thailand,366,154,1,0,,,,5.244,0.013999999999999999,0.0,10343.0,
2020-03-22,Thailand,599,233,1,0,,,,8.582,0.013999999999999999,0.0,10925.0,
2020-03-23,Thailand,721,122,1,0,,,,10.33,0.013999999999999999,0.0,11807.0,
2020-03-24,Thailand,827,106,4,3,,,,11.847999999999999,0.057,0.043,13027.0,
2020-03-25,Thailand,934,107,4,0,,,,13.380999999999998,0.057,0.0,14022.0,
2020-03-26,Thailand,1045,111,4,0,,,,14.970999999999998,0.057,0.0,15292.0,
2020-03-27,Thailand,1136,91,5,1,,,,16.275,0.07200000000000001,0.013999999999999999,16473.0,
2020-03-28,Thailand,1136,0,5,0,,,,16.275,0.07200000000000001,0.0,17140.0,
2020-03-29,Thailand,1245,109,6,1,,,,17.837,0.086,0.013999999999999999,17779.0,
2020-03-30,Thailand,1388,143,7,1,,,,19.885,0.1,0.013999999999999999,18696.0,
2020-03-31,Thailand,1651,263,10,3,,,,23.653000000000002,0.14300000000000002,0.043,20097.0,
2020-04-01,Thailand,1651,0,10,0,,,,23.653000000000002,0.14300000000000002,0.0,21008.0,
2020-04-02,Thailand,1771,120,12,2,,,,25.373,0.172,0.028999999999999998,22453.0,
2020-04-03,Thailand,1875,104,15,3,,,,26.862,0.215,0.043,23669.0,
2020-04-04,Thailand,1978,103,19,4,,,,28.338,0.272,0.057,24474.0,
2020-04-05,Thailand,2169,191,23,4,,,,31.075,0.33,0.057,25071.0,
2020-04-06,Thailand,2220,51,26,3,,,,31.805,0.37200000000000005,0.043,25857.0,
2020-04-07,Thailand,2258,38,26,0,,,,32.35,0.37200000000000005,0.0,27049.0,
2020-04-08,Thailand,2369,111,30,4,,,,33.94,0.43,0.057,28709.0,
2020-04-09,Thailand,2423,54,32,2,,,,34.713,0.45799999999999996,0.028999999999999998,30542.0,
2020-04-10,Thailand,2473,50,33,1,,,,35.43,0.473,0.013999999999999999,31984.0,
2020-04-11,Thailand,2518,45,35,2,,,,36.075,0.501,0.028999999999999998,32830.0,
2020-04-12,Thailand,2551,33,38,3,,,,36.547,0.544,0.043,33810.0,
2020-04-13,Thailand,2579,28,40,2,,,,36.948,0.573,0.028999999999999998,34786.0,
2020-04-14,Thailand,2613,34,41,1,,,,37.436,0.5870000000000001,0.013999999999999999,35452.0,
2020-04-15,Thailand,2643,30,43,2,,,,37.865,0.616,0.028999999999999998,36495.0,
2020-04-16,Thailand,2672,29,46,3,,,,38.281,0.659,0.043,37462.0,
2020-04-17,Thailand,2700,28,47,1,,,,38.681999999999995,0.6729999999999999,0.013999999999999999,,
2020-04-18,Thailand,2700,0,47,0,,,,38.681999999999995,0.6729999999999999,0.0,,
2020-04-19,Thailand,2733,33,47,0,,,,39.155,0.6729999999999999,0.0,40897.0,
2020-04-20,Thailand,2765,32,47,0,,,,39.613,0.6729999999999999,0.0,,
2020-04-21,Thailand,2792,27,47,0,,,,40.0,0.6729999999999999,0.0,,
