Date,Total Cases,New Cases,Total Deaths,New Deaths,Total Recovered,Active Cases,"Serious,Critical",Total Cases/1M people,Total Death/1M people,Total Tests,Tests/1M people
2019-12-31,0,0,0,0,,,,0.0,0.0,0.0,
2020-01-01,0,0,0,0,,,,0.0,0.0,0.0,
2020-01-02,0,0,0,0,,,,0.0,0.0,0.0,
2020-01-03,0,0,0,0,,,,0.0,0.0,0.0,
2020-01-04,0,0,0,0,,,,0.0,0.0,0.0,
2020-01-05,0,0,0,0,,,,0.0,0.0,0.0,
2020-01-06,0,0,0,0,,,,0.0,0.0,0.0,
2020-01-07,0,0,0,0,,,,0.0,0.0,0.0,
2020-01-08,0,0,0,0,,,,0.0,0.0,0.0,
2020-01-09,0,0,0,0,,,,0.0,0.0,0.0,
2020-01-10,0,0,0,0,,,,0.0,0.0,0.0,
2020-01-11,0,0,0,0,,,,0.0,0.0,0.0,
2020-01-12,0,0,0,0,,,,0.0,0.0,0.0,
2020-01-13,1,1,0,0,,,,0.013999999999999999,0.0,0.0,
2020-01-14,1,0,0,0,,,,0.013999999999999999,0.0,0.0,
2020-01-15,1,0,0,0,,,,0.013999999999999999,0.0,0.0,
2020-01-16,1,0,0,0,,,,0.013999999999999999,0.0,0.0,
2020-01-17,2,1,0,0,,,,0.028999999999999998,0.0,0.0,
2020-01-18,2,0,0,0,,,,0.028999999999999998,0.0,0.0,
2020-01-19,2,0,0,0,,,,0.028999999999999998,0.0,0.0,
2020-01-20,2,0,0,0,,,,0.028999999999999998,0.0,0.0,
2020-01-21,2,0,0,0,,,,0.028999999999999998,0.0,0.0,
2020-01-22,4,2,0,0,,,,0.057,0.0,0.0,
2020-01-23,4,0,0,0,,,,0.057,0.0,0.0,
2020-01-24,4,0,0,0,,,,0.057,0.0,0.0,
2020-01-25,5,1,0,0,,,,0.07200000000000001,0.0,0.0,
2020-01-26,5,0,0,0,,,,0.07200000000000001,0.0,0.0,
2020-01-27,8,3,0,0,,,,0.115,0.0,0.0,
2020-01-28,14,6,0,0,,,,0.201,0.0,0.0,
2020-01-29,14,0,0,0,,,,0.201,0.0,0.0,
2020-01-30,14,0,0,0,,,,0.201,0.0,0.0,
2020-01-31,14,0,0,0,,,,0.201,0.0,0.0,
2020-02-01,19,5,0,0,,,,0.272,0.0,0.0,
2020-02-02,19,0,0,0,,,,0.272,0.0,0.0,
2020-02-03,19,0,0,0,,,,0.272,0.0,0.0,
2020-02-04,19,0,0,0,,,,0.272,0.0,0.0,
2020-02-05,25,6,0,0,,,,0.358,0.0,0.0,
2020-02-06,25,0,0,0,,,,0.358,0.0,0.0,
2020-02-07,25,0,0,0,,,,0.358,0.0,0.0,
2020-02-08,32,7,0,0,,,,0.45799999999999996,0.0,0.0,
2020-02-09,32,0,0,0,,,,0.45799999999999996,0.0,0.0,
2020-02-10,32,0,0,0,,,,0.45799999999999996,0.0,0.0,
2020-02-11,32,0,0,0,,,,0.45799999999999996,0.0,0.0,
2020-02-12,33,1,0,0,,,,0.473,0.0,0.0,
2020-02-13,33,0,0,0,,,,0.473,0.0,0.0,
2020-02-14,33,0,0,0,,,,0.473,0.0,0.0,
2020-02-15,34,1,0,0,,,,0.48700000000000004,0.0,0.0,
2020-02-16,34,0,0,0,,,,0.48700000000000004,0.0,0.0,
2020-02-17,34,0,0,0,,,,0.48700000000000004,0.0,0.0,
2020-02-18,35,1,0,0,,,,0.501,0.0,0.0,
2020-02-19,35,0,0,0,,,,0.501,0.0,0.0,
2020-02-20,35,0,0,0,,,,0.501,0.0,0.0,
2020-02-21,35,0,0,0,,,,0.501,0.0,0.0,
2020-02-22,35,0,0,0,,,,0.501,0.0,0.0,
2020-02-23,35,0,0,0,,,,0.501,0.0,0.0,
2020-02-24,35,0,0,0,,,,0.501,0.0,0.0,
2020-02-25,37,2,0,0,,,,0.53,0.0,0.0,
2020-02-26,40,3,0,0,,,,0.573,0.0,0.0,
2020-02-27,40,0,0,0,,,,0.573,0.0,0.0,
2020-02-28,40,0,0,0,,,,0.573,0.0,0.0,
2020-02-29,42,2,0,0,,,,0.602,0.0,0.0,
2020-03-01,42,0,1,1,,,,0.602,0.013999999999999999,0.013999999999999999,
2020-03-02,43,1,1,0,,,,0.616,0.013999999999999999,0.0,
2020-03-03,0,0,0,0,,,,,,,3680.0
2020-03-04,0,0,0,0,,,,,,,3895.0
2020-03-05,47,4,1,0,,,,0.6729999999999999,0.013999999999999999,0.0,4023.0
2020-03-06,0,0,0,0,,,,,,,4234.0
2020-03-07,50,3,1,0,,,,0.716,0.013999999999999999,0.0,4366.0
2020-03-08,0,0,0,0,,,,,,,4518.0
2020-03-09,0,0,0,0,,,,,,,4682.0
2020-03-10,0,0,0,0,,,,,,,4848.0
2020-03-11,59,9,1,0,,,,0.845,0.013999999999999999,0.0,5232.0
2020-03-12,70,11,1,0,,,,1.003,0.013999999999999999,0.0,5496.0
2020-03-13,0,0,0,0,,,,,,,5713.0
2020-03-14,82,12,1,0,,,,1.175,0.013999999999999999,0.0,
2020-03-15,82,0,1,0,,,,1.175,0.013999999999999999,0.0,6545.0
2020-03-16,114,32,1,0,,,,1.633,0.013999999999999999,0.0,7045.0
2020-03-17,177,63,1,0,,,,2.536,0.013999999999999999,0.0,
2020-03-18,177,0,1,0,,,,2.536,0.013999999999999999,0.0,8157.0
2020-03-19,177,0,1,0,,,,2.536,0.013999999999999999,0.0,8729.0
2020-03-20,212,35,1,0,,,,3.037,0.013999999999999999,0.0,9670.0
2020-03-21,366,154,1,0,,,,5.244,0.013999999999999999,0.0,10343.0
2020-03-22,599,233,1,0,,,,8.582,0.013999999999999999,0.0,10925.0
2020-03-23,721,122,1,0,,,,10.33,0.013999999999999999,0.0,11807.0
2020-03-24,827,106,4,3,,,,11.847999999999999,0.057,0.043,13027.0
2020-03-25,934,107,4,0,,,,13.380999999999998,0.057,0.0,14022.0
2020-03-26,1045,111,4,0,,,,14.970999999999998,0.057,0.0,15292.0
2020-03-27,1136,91,5,1,,,,16.275,0.07200000000000001,0.013999999999999999,16473.0
2020-03-28,1136,0,5,0,,,,16.275,0.07200000000000001,0.0,17140.0
2020-03-29,1245,109,6,1,,,,17.837,0.086,0.013999999999999999,17779.0
2020-03-30,1388,143,7,1,,,,19.885,0.1,0.013999999999999999,18696.0
2020-03-31,1651,263,10,3,,,,23.653000000000002,0.14300000000000002,0.043,20097.0
2020-04-01,1651,0,10,0,,,,23.653000000000002,0.14300000000000002,0.0,21008.0
2020-04-02,1771,120,12,2,,,,25.373,0.172,0.028999999999999998,22453.0
2020-04-03,1875,104,15,3,,,,26.862,0.215,0.043,23669.0
2020-04-04,1978,103,19,4,,,,28.338,0.272,0.057,24474.0
2020-04-05,2169,191,23,4,,,,31.075,0.33,0.057,25071.0
2020-04-06,2220,51,26,3,,,,31.805,0.37200000000000005,0.043,25857.0
2020-04-07,2258,38,26,0,,,,32.35,0.37200000000000005,0.0,27049.0
2020-04-08,2369,111,30,4,,,,33.94,0.43,0.057,28709.0
2020-04-09,2423,54,32,2,,,,34.713,0.45799999999999996,0.028999999999999998,30542.0
2020-04-10,2473,50,33,1,,,,35.43,0.473,0.013999999999999999,31984.0
2020-04-11,2518,45,35,2,,,,36.075,0.501,0.028999999999999998,32830.0
2020-04-12,2551,33,38,3,,,,36.547,0.544,0.043,33810.0
2020-04-13,2579,28,40,2,,,,36.948,0.573,0.028999999999999998,34786.0
2020-04-14,2613,34,41,1,,,,37.436,0.5870000000000001,0.013999999999999999,35452.0
2020-04-15,2643,30,43,2,,,,37.865,0.616,0.028999999999999998,36495.0
2020-04-16,2672,29,46,3,,,,38.281,0.659,0.043,37462.0
2020-04-17,2700,28,47,1,,,,38.681999999999995,0.6729999999999999,0.013999999999999999,
2020-04-18,2700,0,47,0,,,,38.681999999999995,0.6729999999999999,0.0,
2020-04-19,2733,33,47,0,,,,39.155,0.6729999999999999,0.0,40897.0
2020-04-20,2765,32,47,0,,,,39.613,0.6729999999999999,0.0,42257.0
2020-04-21,2792,27,47,0,,,,40.0,0.6729999999999999,0.0,44056.0
2020-04-22,2811,19,48,1,,,,40.272,0.688,0.013999999999999999,
2020-04-23,2839,28,50,2,,,,40.673,0.716,0.028999999999999998,
2020-04-24,2839,0,50,0,,,,40.673,0.716,0.0,
2020-04-25,2854,15,50,0,,,,40.888000000000005,0.716,0.0,51694.0
2020-04-26,2922,68,51,1,,,,41.861999999999995,0.731,0.013999999999999999,53238.0
2020-04-27,2922,0,51,0,,,,41.861999999999995,0.731,0.0,55486.0
2020-04-28,2938,16,54,3,,,,42.092,0.774,0.043,57922.0
2020-04-29,2938,0,54,0,,,,42.092,0.774,0.0,62018.0
